35
13 2
27540 35977 
0 344
3951 53602 28809 53941 48814 45358 11007 80118 28604 15755 35444 87833 25170 65211 1177 62860 35319 27615 84835 59278 42434 89805 70381 81264 86920 60041 20380 71381 54810 84637 5683 94267 72715 4731 6973 86242 65856 77669 89610 11917 3313 34608 46257 30475 91648 17983 39752 99650 80160 75458 54534 84991 34505 18369 83832 65316 35983 3342 95567 38494 34541 20438 67555 99630 93817 96897 8024 28322 79283 71846 45572 42800 83261 99567 19369 48946 59126 29655 14769 10284 52090 59703 54633 6093 96284 20886 40455 85982 8930 86227 52050 13782 52583 21671 71589 35512 37925 6600 62436 80909 1734 88953 45680 2500 93078 64658 37116 74985 41060 93968 74784 35661 41289 37567 87332 693 77763 67516 38069 23954 42126 89917 9027 50317 93442 30262 73467 50872 42332 6580 44616 32366 69055 42557 7292 50047 85336 12286 23462 42234 5610 92963 97495 26528 986 71630 38677 31633 22510 7180 76197 36490 39635 81797 13975 50625 12749 55326 30407 52906 86342 89497 63263 22580 51722 4290 39496 34373 72752 2885 82252 14100 56286 24972 38183 35197 40929 4476 80354 18709 12261 28683 62989 8602 50592 76166 44402 83834 43162 45410 80191 8351 32237 7072 43658 56984 27656 39973 92380 25592 44167 386 3066 40061 38880 67463 29026 29259 19265 63214 74214 50618 70371 52465 97566 25685 63100 66827 9591 30623 92730 44902 85368 36651 52440 98726 2797 1970 54664 91345 48125 4213 27863 25355 43297 47044 80092 42729 2407 60979 82801 9441 55913 58636 2926 5325 34352 33315 71126 37903 75179 43074 10108 86636 22260 30769 92397 77738 75985 45717 62548 96727 41469 593 47842 67732 73947 2846 50523 18877 23922 38182 74650 96360 80650 74370 53706 39492 73153 83655 26092 83315 18088 94965 7563 17880 32267 4374 37367 29628 56271 6970 11006 84948 9069 17643 86413 61524 4328 8674 89603 71844 80636 85867 90797 85809 41328 85925 35107 96613 85964 71970 98633 32003 60944 73775 49538 27998 41071 22599 27933 46583 7481 79315 81433 91865 4113 65959 50394 77895 49247 39198 78361 31819 79038 24867 58955 9857 64691 64075 37940 31470 31074 12421 
1 273
93871 52013 89128 58707 61705 63867 79187 55396 96254 21461 34941 61664 52096 30457 92344 14717 35066 38232 78346 75524 7024 90423 49568 35533 832 10632 70767 84236 78336 91067 88218 52395 68786 23403 37057 42548 34306 15573 77787 97712 10452 3018 76944 13872 75605 87615 23237 71981 32625 92801 19789 28205 57528 23440 6613 35798 87732 31608 63095 24778 75417 7488 42773 47595 85784 73594 62250 25098 86855 86247 98332 23195 19217 65744 60337 52947 28005 19598 35715 66257 63727 8155 37538 16133 26773 80360 90446 69916 78575 49449 87307 99992 7408 65951 10503 95719 83903 82272 86948 24029 92035 1635 24512 90038 64513 88578 54665 33270 41761 87749 79850 74637 31711 62374 60042 13998 34274 5193 19284 5001 11646 91868 60341 98256 67569 85084 61581 15231 24503 10824 59756 52943 30413 91338 23528 45196 30904 42330 41451 98736 62700 15067 23162 5029 16012 58385 71704 88927 27505 1143 73040 99897 98219 67861 22281 9310 31484 21107 48266 43963 57306 57438 96227 10004 74509 42013 13488 29694 42666 76801 27478 49920 74301 39012 60662 83730 56547 48013 35534 6634 72367 13602 57632 22257 16552 99581 59588 51880 57996 9748 10478 33956 68319 18233 90396 12086 22777 25444 40927 98756 13725 99953 2464 17826 6741 83091 16145 49183 48890 71124 59712 53069 15423 68109 75376 51653 91011 48091 31419 69784 50272 79553 65190 32973 86292 78034 42699 38415 53667 23877 73021 95948 45850 41314 1960 20534 56234 43618 3674 73374 27469 94705 15937 75393 57258 55647 98117 55946 10685 9941 13436 56500 45215 38140 64862 87553 89513 54078 73416 76828 2566 93856 60459 16545 73235 3875 23640 76552 87489 1185 6889 50954 69181 
2 42
4967 31577 20417 33458 94531 25309 28336 81648 18725 14231 56751 40238 91892 46105 92753 80121 75008 61729 3694 15822 22850 37448 57618 990 94927 80013 29076 15378 47713 28678 9816 32282 21110 63065 7988 18731 20070 73076 94929 4797 64189 59076 
3 971
95207 42871 97814 54174 43225 16003 75469 58029 83803 21553 3441 14297 58353 18435 57108 10918 93333 57479 83466 66113 68437 80494 54841 70555 48486 42128 81702 36759 36400 67278 27695 59104 21200 18151 84615 44377 73624 82935 35886 65786 52580 99447 64947 80309 99468 50847 59966 89308 63000 56357 59357 11266 37342 89820 39257 17159 97028 29482 99106 71812 91331 81346 46044 30058 39828 58013 40669 49288 31286 52245 47794 3433 16930 57446 31385 23645 62652 53009 99576 58135 58996 2672 8942 96556 61546 62252 82055 60957 34005 94767 36317 35404 3182 96173 33433 82950 67101 72141 46892 49109 87863 77965 16606 39783 32724 81436 90944 53807 15600 53186 89708 99439 91140 60005 40647 39813 58824 46022 12313 15783 14165 58173 22092 33851 90174 8265 18150 26969 67221 46298 2044 53018 10564 37300 4680 44217 72235 44756 86548 92469 23114 52652 39655 12927 54311 10713 97069 78340 47721 50474 47098 72246 12452 83251 80930 37991 29278 70219 86353 4901 14314 75468 80466 64046 86070 76760 6839 54605 13093 62796 42482 52823 44635 98197 94287 91679 73607 56487 70134 93798 29095 84246 36258 25909 59514 64064 92895 32337 20859 87112 61947 780 48640 53372 59956 60722 26450 63843 76182 45390 14897 44796 58375 60345 23410 28431 58959 48886 43921 13942 68404 95421 95085 22222 8146 35200 42449 9304 99669 22721 7882 28095 93814 12684 13556 64978 45852 88223 30124 8781 98022 34540 51085 38860 94620 3321 99268 75676 55638 33785 31416 83844 37365 68784 28065 42743 1729 2084 33054 14703 24363 89345 82100 7114 9248 25220 56139 19568 9783 84335 52752 62232 89507 3541 81527 21613 85436 38462 90494 67755 31023 80698 58536 53079 76485 36019 55097 68142 34421 58003 67813 25878 83380 8747 2276 25382 8531 39559 91288 68701 4266 69520 21140 41879 56694 61260 75745 26887 78812 21714 25737 18320 69807 23310 74417 62651 7351 18938 50202 46636 71859 36365 60192 68564 99518 17075 98663 74909 51783 19188 49150 25972 27929 9366 22926 90450 40050 88022 87613 55071 29354 78989 83516 14888 28462 19239 70948 34246 97812 62891 36825 15970 6758 27100 51904 31766 27263 36011 80199 16149 62354 15155 17814 75513 94255 87514 15784 78433 24795 91402 30326 34165 99674 1948 12926 8066 25208 81202 3395 74358 79197 26724 14792 44692 72916 46154 31746 79849 25027 46908 88797 32506 67129 42853 10361 52867 77728 35424 70510 12279 45810 13101 19873 77519 96644 44050 32986 97620 13428 11562 3657 10392 74644 29396 61425 87596 41467 51994 85717 40788 269 22656 23950 6541 78988 11943 15514 63540 61549 89294 81288 33442 59696 12031 41646 48974 98236 52293 27966 30503 4041 56796 40257 38542 24539 1243 43558 91429 32854 11871 26193 95202 12713 84059 87731 21599 39964 87850 99512 89045 24970 63169 17825 34777 7750 24918 89459 53403 66853 4251 18425 11731 45548 68155 45811 3502 2516 94657 43065 12237 33607 81371 68576 18321 45901 12255 44231 8204 94710 71119 73536 69997 39802 58841 34765 89597 17520 50053 68578 47810 45943 17398 32947 71196 90472 53309 93092 95852 3792 27651 52317 71907 24089 60563 20003 18629 63450 14048 94904 9981 3913 49293 17810 39579 16960 29422 40276 62242 62094 77129 90639 94417 53685 89099 73272 11112 65463 93134 34664 62970 56508 83891 23651 1250 27763 28988 47786 44971 2102 27382 931 73920 36354 96994 29814 33499 32485 83023 18480 4881 78365 2231 1739 5959 8659 79391 76641 69366 46212 55103 64322 32012 91090 85692 43285 15544 72316 91308 98855 91885 87076 15678 83687 70257 61360 71185 25840 29102 34896 62 40401 81832 39805 99037 354 29132 27249 20623 97171 91891 88343 2631 75157 81848 2196 50233 83200 39650 63505 10670 67039 52054 78961 96300 25519 63385 94607 8566 13785 75591 66687 61472 51839 73453 91809 96265 43623 28522 16739 66839 34539 22295 13568 43125 46081 74867 36282 64334 71772 70842 10490 1956 30501 87522 31701 1564 2932 7833 71464 89469 85965 64151 53997 66787 54448 67154 21819 99837 94013 43982 84925 26890 48184 88791 63901 97279 13403 60495 35847 74975 61158 98137 82353 14371 16330 27910 85648 30900 948 39245 30331 10611 16023 25031 66967 86356 2648 58117 57193 17257 53471 86324 61196 10079 99171 18682 1469 20397 329 48063 17775 11176 92548 43648 13752 95057 52804 65902 52315 44866 16896 66335 91160 6772 99008 89228 37364 97979 92944 81341 28376 44921 26555 56852 50731 50288 24514 74938 82860 69002 6161 10759 28278 41239 18968 53183 79039 47313 11805 6301 54497 24861 70847 88881 83606 90542 23273 64124 58134 71313 59735 89659 66944 42755 15927 6968 56440 17271 63114 38168 65561 22823 27020 49786 6797 53488 57777 47458 71748 42523 7471 78112 797 26536 89884 43199 49306 19497 71342 72447 30214 86694 45428 74013 18870 79304 42762 31361 50337 75246 15350 40634 93853 90820 28127 69387 90014 79133 17968 55564 17511 51012 95504 22184 90117 56061 25132 75430 18378 57988 73244 27088 58912 26990 38970 6250 34590 52748 50260 32027 38949 87808 89582 63881 67709 20109 73747 16250 64337 44792 43324 81634 84810 95926 86163 41651 61120 16497 70446 9586 46404 38209 44450 68503 68884 28201 6828 51113 75013 96819 12388 71136 18552 2309 98528 83335 46041 67232 795 75079 39796 71767 92624 30460 26676 90680 32960 73038 87241 4202 63776 36739 93644 48578 90883 70338 55260 41618 89934 78414 14875 58139 66526 48346 12640 38881 71705 88037 63869 91165 83000 62311 46901 82573 18074 69625 73880 6501 48998 12232 45834 71404 7622 89740 88781 85586 37573 72507 7558 7846 26257 15724 77931 23605 37381 13538 95618 44771 48764 97059 18 94129 77492 79699 20468 48937 62917 16278 95331 35175 42606 51967 76631 48885 17578 46937 69130 488 43243 40994 39075 71152 78909 86178 93128 87029 606 45287 41830 58010 24321 41699 44236 89806 35841 46617 6943 37087 32151 13966 34155 21401 87513 12032 29858 58617 9152 96856 56075 6144 13796 28003 89963 6781 98774 9706 79344 34153 91667 89753 10822 
4 736
14716 80830 81122 29599 14304 51836 60058 50258 87330 38590 10566 10378 66572 77231 93704 99850 22452 47642 20618 25789 74405 12769 45667 45298 63122 23155 2463 64104 47828 62125 6885 31696 70830 798 9276 22464 35998 46852 10649 54536 11444 57020 70126 31583 25886 28646 13459 97178 23637 54036 88317 18401 26391 59690 99684 74155 99188 40849 81065 35017 83249 40721 94789 78140 20872 44206 42857 13949 14317 21127 34571 10722 28776 82428 69785 49423 60389 78370 79514 19523 75278 45270 4502 6229 10958 60691 36513 76326 60243 90964 26777 89579 72571 23982 98807 79448 46124 29237 33439 83815 48298 72166 63942 22547 63354 35357 12738 74548 42828 53674 91180 63539 64364 2537 99766 67907 17525 59459 60967 7824 57862 15220 37790 82523 8254 52775 92762 8822 39300 67829 71074 32918 57641 95670 17981 50355 31966 99251 67576 51254 76762 84368 32193 96005 65420 90954 98057 3510 10133 52890 44085 500 81835 61781 61491 60952 18929 86652 42005 9214 34882 65444 55115 18817 70629 20595 87841 57089 8963 8058 48250 67940 75201 92524 55431 10270 15042 43972 16924 96362 31792 47285 39608 71697 79058 25618 85901 66497 92353 18338 63498 26441 15135 52682 99643 79661 20992 47131 23772 62086 88191 10172 69563 34006 90332 22427 50430 43301 89590 19564 52516 75539 78918 59679 53032 71819 33833 77156 25529 9953 60322 29919 54441 83072 3303 15268 46547 30397 62141 57220 76258 81530 78819 53339 60502 58281 37863 96363 51612 13922 37191 52336 78410 76008 24134 21474 80154 36530 66242 6287 23915 69288 74663 15851 88878 60572 54144 97582 16991 28189 47477 67925 7518 36616 66203 95669 21937 82809 6582 96735 2085 49125 87549 28713 59385 44122 82740 57493 44137 63638 55814 67840 40317 43319 34652 55764 98880 32070 87702 7743 26482 52979 72329 36693 72870 55623 11497 24097 66336 31227 91500 12453 36481 55540 23265 79070 27040 62667 3260 12520 61121 75447 94261 71435 13490 40294 51379 83706 6463 26027 72843 81572 99166 42245 22230 16553 3293 17867 36413 16836 23119 7035 46659 840 48073 32860 79770 53004 8524 205 58864 17905 4337 4527 16747 75710 76825 20068 11609 63472 78376 81210 89260 35378 38891 11461 38343 36322 7871 1623 36631 35093 28050 94240 45170 80081 28208 62318 10929 79269 26046 33565 89349 98001 26120 86047 14794 70699 869 44092 19852 61272 46915 18231 26820 11405 39235 59842 14653 37520 1999 82609 29119 62896 39350 59061 50901 2012 92909 37659 95018 40084 65492 91689 37021 66845 38375 34385 24062 7760 79504 76843 19310 58468 20260 52417 40588 64787 49016 62278 41822 83373 77702 58414 37999 40615 14729 33857 28420 28185 85743 45238 6657 40700 72212 19300 13546 11789 73486 99708 36463 63520 8051 23463 30372 9401 61727 87154 65017 37445 628 86993 10408 81077 92585 88629 19950 24235 50501 80817 1666 97695 42213 93231 3705 69730 19463 20045 5918 84841 21843 48429 27894 11761 45420 43831 63873 59201 4076 42296 20865 51180 53459 84481 13195 97605 3176 89665 24361 65399 78468 54643 39271 5084 48220 66001 70666 57580 45994 53953 51579 41072 38682 35212 40479 48428 62605 71432 39031 75750 16396 44274 22428 99476 91524 75175 16308 32554 11227 85031 52021 95390 70406 49849 53016 59270 60462 68107 66677 97390 68994 77190 19462 72072 87507 68765 93348 58840 8059 18127 10852 65969 19445 9579 65502 53959 5550 77663 52158 49318 7140 26934 49715 83625 69803 51809 51620 19515 98075 47971 13528 33598 25730 24421 36405 30479 49509 15170 10034 40683 68781 39772 98134 46706 13330 3848 29066 30334 64173 51061 60463 26452 1901 9731 91262 38058 6490 1516 74917 65065 23847 32941 59920 34942 56884 97358 96272 64033 1097 66392 31946 21427 43732 37751 76873 25421 33038 74642 81769 59099 49635 71750 57622 48307 94791 53407 64682 88247 28093 80951 40613 7726 27169 38173 84159 10846 76848 14177 8837 12604 29915 47161 29390 35316 5189 60786 91807 4796 73712 78648 49297 95956 52579 16318 33914 53720 38167 56745 30400 35861 83748 48615 35131 60484 39458 26783 84757 43178 86680 40505 74679 2912 33324 73612 76242 59386 26577 51008 88950 49355 21578 16522 16477 18695 84425 83555 17275 72009 47113 39412 1780 47456 34007 11896 93217 23471 53493 492 42742 48234 41135 76851 15456 81223 23910 65414 518 83654 28494 16458 32020 59965 63226 59646 64825 62814 3599 6519 56485 51306 24594 75616 37849 83196 28697 58381 13302 3993 42030 75014 70201 92954 2145 64843 39255 88494 52080 5182 54836 73057 61799 83898 3429 72384 50626 91924 
5 400
77091 21103 38077 2438 40260 24862 60212 22609 63062 65616 91065 24656 53033 98439 51534 66802 89836 12689 89563 24126 34176 946 60960 45273 507 99343 5155 84843 50987 43136 48386 45218 66295 35349 55727 44447 1151 63060 63209 31331 58082 98733 77979 28399 89397 88535 45137 58087 24906 32279 99423 50505 97851 12594 30427 8369 3926 87182 62827 85840 58285 37178 13035 92518 49597 97144 78509 61769 36496 52534 40395 19965 67607 67591 93154 40476 27074 61989 67882 15209 46051 98381 5302 2041 37686 84668 35008 65792 58914 4830 28799 75696 45691 15140 66601 3940 74693 37217 16934 2569 23530 85659 47342 71722 78892 24018 78215 64685 74167 9964 20225 55119 44977 61703 50788 41400 27963 42461 72911 5283 29451 92727 8401 5022 81781 6764 18230 12468 88568 1555 90347 61437 43825 40488 56891 43433 34043 10897 14937 56438 8797 1120 7243 17734 1716 52335 42071 78864 24058 4878 71434 33414 65479 70753 82939 49052 35796 70653 64565 33777 44826 40240 73482 72719 54070 13450 91091 29811 37624 68556 20074 34822 15191 83793 50546 17005 59460 22140 76378 42785 19263 81292 68646 47716 71668 66738 22712 1045 47986 8168 98136 54185 88690 52647 89287 42763 47340 15381 61065 54243 22830 26231 53750 4617 9736 9588 14196 16402 28268 30969 51475 45504 90361 55703 17348 49572 62998 67559 65487 62946 1295 85457 41650 22692 18381 81454 5355 79241 54132 49802 84422 15361 10424 2830 31697 81438 18250 8447 63618 17571 20933 27049 63295 53964 69090 6142 64549 73849 18518 43383 7893 29934 41604 92001 89316 81623 98163 38798 66117 99557 1136 65143 2861 88 66082 1944 40232 80112 21993 3635 14462 97958 33950 87499 24288 22767 19565 3378 46037 28813 25605 71537 64644 4561 7985 29575 42010 2166 90770 42673 36399 2840 88902 89261 46159 49807 4464 99685 27518 99711 9199 12970 10598 33779 31662 99056 8312 24214 12773 38368 76572 98221 23455 53413 53989 9589 49347 89816 56118 37393 52246 52430 96579 11923 66604 51981 35436 82621 82033 87036 48355 60304 65696 57797 85695 2976 93533 26305 86299 1414 21011 59032 63711 66913 98692 60838 82927 13736 46838 1598 84540 69618 18456 75990 42379 29524 21723 17559 45639 22153 53052 42866 4634 46401 52856 53266 81336 21122 3187 93749 65707 98808 9291 24642 71209 33858 62422 98225 50653 33834 151 10151 83046 12854 41704 34392 22094 53232 23148 52325 6722 75647 65842 75199 2411 15855 3302 38932 9417 13072 
6 507
90772 80328 31318 45165 34230 70121 86454 54681 13776 13179 96654 39414 51851 83620 49272 1512 23172 59098 1314 66587 30435 53236 51029 58148 92291 43681 66305 29534 44055 36822 59349 17066 34106 72115 14734 19403 1972 92957 57203 33047 73384 61761 93070 25892 75999 60754 92829 82117 97551 25845 13965 81494 55748 39759 28836 66046 8840 36648 58551 75874 52344 54052 17370 56340 52672 19913 50266 88097 63824 3475 82665 47441 55803 49378 13607 71020 61010 1202 63691 65382 83437 85864 26361 68811 89658 14000 16390 91321 81603 51790 87458 33360 8417 93535 39325 82237 13692 2746 94432 21394 549 38100 86332 1246 4349 67461 49718 93799 50881 99857 53700 24858 95094 20519 14510 13812 77682 46414 36480 61131 2619 53392 52798 82917 98823 67262 38706 50711 59070 27187 12574 40293 10714 15825 63615 27357 36020 91430 49857 68744 22808 73662 34345 76920 22232 92884 59067 40306 71954 82612 3455 49436 61868 96889 95667 31067 76143 82949 50412 28422 91970 33979 35523 33175 24981 17873 62770 56834 21373 42007 84607 71225 8325 10068 180 1898 85423 40911 1360 88117 26704 36183 4046 58654 87450 69579 48722 60964 67418 53766 659 3149 90781 46083 35508 50681 69029 88161 47116 85412 71987 71983 99063 32701 35799 89038 15879 47732 23709 56273 82342 15386 80634 39131 8156 99869 79652 97159 70084 57119 98325 24706 81574 75027 50520 12503 39258 36849 8948 21747 88467 30410 77736 15230 46352 63749 31191 81004 87444 43572 85238 97289 85495 60123 33228 54432 43083 90005 54495 17640 50531 54746 54660 46932 27814 45701 10992 546 78793 5493 49441 77698 38150 51651 8391 39140 18227 81078 17466 69329 12656 20763 31622 40363 50754 51470 55588 25332 38231 62994 81266 57607 84912 41496 15694 69978 3690 83366 33902 19510 94357 50967 39506 14664 76043 81718 16459 83587 45555 66192 45372 98779 29611 69190 52858 51982 91121 58647 84007 69694 4384 39487 70693 81267 94486 43242 39054 13876 55486 16766 57664 332 3396 63894 15167 14015 5568 42397 43524 99613 28775 61652 46784 45682 25506 21984 34548 41114 98662 83627 50535 80488 97953 69337 26159 2519 92532 65488 54284 46842 54985 29260 2239 84715 79466 9934 65363 53453 51640 25538 25597 19279 69032 42160 32966 28586 67688 15799 7115 36321 63969 56114 56893 40794 70507 6425 80184 77960 3230 4267 78791 19107 56877 79805 43025 68549 48896 34728 48630 25983 54573 39867 9813 29846 74125 36865 47701 81388 58601 47530 72932 9956 14824 32478 38043 363 81374 6156 32124 71363 67359 80000 45710 63751 79378 82579 83342 49106 85453 29954 73366 58738 8373 85351 15310 66555 41483 97635 32078 53102 40828 28524 74433 56093 4978 48690 49681 75302 23868 60014 19230 80035 7907 39137 2065 22797 14072 93933 66204 41384 38068 60894 71014 69423 742 70964 87455 29618 16880 53373 71329 90987 7032 3976 57624 40870 75308 90683 58415 7968 40157 52570 43511 43095 95034 60461 77297 95617 51312 38348 46648 92740 51727 7080 91280 92767 26287 45301 38843 81239 21355 6421 77082 19232 5375 40443 89792 83764 80141 86599 41929 43948 27970 12826 87921 15413 35638 
7 171
33118 95150 31801 45936 98533 77021 88170 13721 20035 33086 51537 49559 73285 72984 70343 55610 90320 78238 80107 92979 5438 71728 30436 20 70857 47178 70769 71328 55495 15829 96980 45381 48248 49231 12230 87916 18730 3684 64488 21637 11578 31007 83059 11803 15406 2595 88716 23873 598 4625 71137 75210 23689 95126 10684 80522 99380 14661 11081 14575 95139 28078 40956 55805 95133 53956 91396 43898 92566 14906 95101 35358 49120 41423 78467 36827 65072 34995 15797 83629 92947 51594 41371 7276 50642 80887 67583 911 74304 81962 4178 24954 69333 47904 5948 75688 57120 79896 38237 8404 70880 43103 44113 79108 89295 80513 6381 37174 23995 37375 7992 82338 61185 98510 41620 22124 66005 97823 24103 70050 74027 4759 28118 47706 51238 23266 53235 38007 73471 24486 10810 99321 18983 56089 26576 56231 65095 96985 58708 95025 21067 82477 819 68528 45419 96460 25556 53571 56691 44752 57380 67809 93536 8748 85854 86538 36173 82057 26746 98282 20852 29958 68369 52899 84630 4698 26369 8085 90064 31097 32755 
8 958
8910 39123 81498 83340 80723 98639 36263 27148 54977 95679 68750 95311 1787 32146 94549 26499 84529 19465 29457 82842 9157 49133 63072 15766 71153 78220 41030 42769 59433 68293 45945 37171 79418 52227 76554 7774 64473 19651 73556 9358 3693 86758 10745 65890 39985 79125 62365 49127 3046 17757 62671 62813 94495 55297 54447 31115 10885 86507 16081 24654 80408 82835 14503 60885 21782 24328 98198 59667 26497 70032 46785 49622 72437 23957 40713 28406 78801 44877 97756 71694 39637 91434 96462 12540 55920 51206 79998 89828 76938 9192 53897 7121 27513 31970 34812 47436 80252 39495 687 67581 11034 53001 46605 81013 94807 20778 76266 40848 10019 75049 51380 66380 48529 67853 21350 62654 67394 61053 66863 16805 25518 43883 65109 2742 37185 3894 56358 2026 15956 69799 91531 5972 44366 71454 35713 49375 77929 11084 90853 82245 62861 80011 54548 70189 69739 95522 81099 36488 94025 53275 18985 62373 56408 91517 74177 93859 10279 38785 91696 40651 27309 73619 33618 59390 59062 50464 7919 49387 46463 40123 26109 71350 73348 65763 7413 60142 49088 6795 64545 59659 59961 30093 91673 76731 23365 37568 57133 27595 96971 81115 38105 20049 91188 87892 99398 41874 35716 57711 40159 64415 32297 43275 57381 68797 53790 77250 4434 49982 44824 94071 95468 71553 11287 42223 39889 76727 98751 68048 21513 76594 85061 67158 54003 22213 31902 22612 49501 41691 59265 22052 8048 56092 22369 91421 55074 21720 40042 19114 75056 10857 35389 54096 82589 58189 93988 12377 5789 61152 35356 6359 1738 96299 68242 16014 69814 10326 76715 14395 81748 23393 37846 24633 12145 61631 26568 2582 99958 8413 68088 49411 80050 94362 29162 60032 95252 89564 92894 76467 43069 79851 8478 49588 16499 48501 98177 19892 20351 9979 81160 38364 17803 824 6147 46036 28883 10227 94286 48840 2073 61898 30513 9506 21185 91561 7308 64596 709 67821 69192 74939 22958 55421 54426 36359 35040 67948 77100 2043 99723 84864 2827 28727 29957 31123 58523 85564 83442 54487 12765 14730 19404 80931 51276 65614 96264 7419 87019 20041 12858 86973 64116 93622 68372 50147 77888 34543 54848 81389 57061 77203 65055 17539 64379 98825 29477 66838 68538 61049 64054 11391 47649 38528 45514 18408 93994 80837 32977 52674 43369 84981 22240 56684 98578 89012 97205 96445 20313 77062 33881 66553 75621 10532 468 90684 53787 24077 74586 69519 25830 33835 28736 96849 73755 46125 59644 47073 22461 21695 28295 49999 82814 11984 59347 58294 96538 60204 72084 82879 39948 84476 78372 43990 49220 36146 11953 94587 53303 74059 93399 1434 52383 78792 78933 89369 7299 35733 46588 52310 9279 46912 65511 11570 89047 86316 29 61803 73046 78369 53789 84940 1125 85146 92280 11924 74056 54778 69505 12609 32933 65154 71821 19224 30434 37296 32380 8777 24469 58993 64457 90597 36156 12534 79368 48218 10035 39633 8510 22909 83960 89630 57382 61366 36247 86307 20115 66506 78291 51734 32932 91005 85895 80156 73058 84027 32028 85631 6801 64531 94408 30393 83691 81194 58188 61140 98680 14999 37478 40291 39690 55655 9026 29580 51837 69977 19856 11321 38734 36063 71980 82722 74300 95725 55250 29423 78397 7397 54920 77861 58019 51361 13426 16843 72310 59436 3257 8574 38763 40469 54244 66794 64080 61218 50248 17638 57400 81926 15084 65513 58664 92271 8455 50576 71210 31463 46867 31197 99363 33469 80876 73193 33572 92113 87234 74347 74953 66053 56583 73720 51956 67209 79884 77368 88290 87908 18226 406 4709 38916 64729 25022 71831 22851 88883 77621 15897 92496 29371 83539 35845 80950 80775 73147 55557 16610 30220 17409 90043 58783 14518 53440 1721 53792 95288 63439 84874 49305 32821 56297 77516 14355 99379 46597 15658 41706 815 32611 55954 76462 43508 25884 84122 19987 78829 10381 31708 15669 79422 47674 56442 79878 15733 11621 85772 9734 48171 90583 26363 15304 52261 46188 96495 61702 831 62642 92677 50261 15860 70865 70346 9994 1565 80259 66346 67613 93863 22951 38815 71484 90464 49500 95795 5027 34082 90629 7506 2993 43408 96086 25775 83289 88237 62491 16955 61122 55256 7647 91886 29735 71275 87260 52663 5823 53834 45734 72371 41366 17881 98349 12360 9868 96500 73360 27758 92552 46 34407 94047 8074 39194 64478 25317 17733 22564 39466 16274 82276 15805 78009 51427 61916 63636 85049 14488 29277 7456 81204 11993 89040 36234 18697 96119 60649 74005 8428 94766 79485 61471 97464 93738 23775 64444 1036 52117 49535 16198 90868 45907 48213 74126 54883 60321 9777 65477 3375 49863 19661 80753 14200 99072 2623 86396 46906 94313 19320 16515 74641 88061 57156 41485 55719 62646 88918 29431 54685 20208 33381 92705 55698 91705 80896 86127 52513 74229 19283 19376 40045 2141 16873 74841 5704 73242 22115 4429 15150 94070 38398 42239 68899 18285 33673 43127 1562 29490 39110 22376 46220 32091 92791 70866 62277 64486 19089 2765 52215 4352 53112 12333 84678 91412 79161 25485 55293 38141 68721 45642 5971 15122 67258 20129 35221 29841 60927 57625 42840 90404 69317 51255 58711 58931 95332 2610 97628 14169 35081 55786 87773 74186 5199 78216 95668 86334 25461 93786 93197 54907 10370 46628 54583 85427 5699 17569 60999 68759 37551 55108 29863 96184 52056 14644 97692 92726 4661 45306 16046 31135 19256 42596 39124 76535 7947 57884 66530 26738 97881 84782 11443 2452 48919 46725 35140 63831 7642 219 8075 19830 80872 90927 58946 91384 75362 44881 87081 50585 80623 4614 28937 8493 21238 54383 3445 11758 96479 90321 55755 12328 20552 30258 44300 22723 25872 40219 2813 727 1653 58549 60100 85482 20862 42405 74094 99921 92154 84025 19839 92412 81557 44017 40038 13314 15701 19155 6623 89652 68838 26246 51710 38958 89201 65009 69720 32051 43276 89127 75778 63858 7310 45540 44371 70398 904 95369 94647 17011 28293 95803 29176 94850 42919 812 57211 43269 76163 7322 88746 75917 52298 7816 64586 
9 116
49918 51333 61072 62101 71596 37384 70758 96945 2637 43622 56859 73792 37591 49508 14719 77792 36079 79091 22072 774 440 63906 59200 79768 72000 30912 35210 16908 86349 60314 84516 27652 97043 43302 63129 36130 98835 18195 37575 14030 29982 61494 55213 20547 26265 15266 87159 97122 87391 82165 72772 56462 74078 85995 10018 60031 13669 21253 56608 77799 54739 18740 64720 73889 94373 11281 87693 27808 85344 91316 34020 85627 85594 5702 51351 93949 87781 82632 24507 34328 27951 15585 31675 60835 94359 61098 53130 75089 94579 33749 93890 67454 34593 85938 92324 23941 39295 75633 48135 15223 11567 80867 89933 1156 2951 28593 21228 41680 75525 48318 64922 26493 52267 19615 21884 2360 
10 623
88451 45531 576 6100 51502 42416 31021 85654 87189 96370 8427 43686 28920 46376 15481 61714 89312 84146 40921 42793 78267 76430 15393 54106 25116 84316 60920 25262 85747 95583 30029 34993 40416 44857 69427 28921 12367 86896 74541 59708 39311 95392 79388 17202 16027 57697 36378 50032 85304 30551 57287 99763 25617 58766 20333 39921 38181 20422 10167 73988 39327 72441 24407 73101 83449 85242 14911 34244 12571 9087 5675 999 85606 30867 56470 84300 47077 725 64399 45269 62063 86294 81938 43237 55627 34299 20172 68921 30388 50120 6133 95195 78903 28204 15233 46942 93513 48460 10828 64589 34944 78842 37307 13326 18732 54338 93641 56941 87352 74469 45226 46615 25459 13134 30056 92120 7318 47710 22566 77920 31669 55825 24098 15000 93354 12129 12953 73676 45988 71504 40126 42445 76808 15043 26365 37181 36391 4615 69080 79570 14129 77717 69463 45235 42668 6953 31350 30612 90969 78594 49479 20323 74119 82184 4741 7745 48598 26319 86156 84242 9735 76568 86370 46702 6520 81383 40324 62015 70825 9156 2296 22431 168 59091 31629 3972 22745 33057 67412 49365 36546 18345 21832 40743 72225 27716 16703 30688 36403 86880 5693 59587 32740 74115 53072 27121 31546 60939 77223 89342 99956 22742 9363 37524 79926 93457 82970 46711 39219 25963 37446 29249 9989 70303 89592 65059 15159 82662 18290 39445 63480 36905 72644 97309 67606 74933 57983 77069 44294 23646 6244 67417 88671 18079 47565 41449 47856 15703 7905 62351 95880 80657 38095 83125 29379 9504 4257 12068 50442 50281 17268 7708 91079 27934 47629 17359 79211 79827 36650 19831 23021 14238 50437 12427 90872 74720 23505 88118 30884 95090 46271 23547 11783 1352 77921 10798 56866 44835 57206 56315 58594 46187 82781 42147 72858 12760 60074 32461 35897 54599 54473 88287 4383 60676 34881 2863 56173 13511 27181 79092 93106 97338 86369 21703 11453 91913 73539 15643 85565 29300 38382 73107 36277 30765 31377 34690 75401 36057 78602 53758 51570 14066 25795 74277 67496 24429 78374 81233 82823 47643 94059 24338 96930 67275 88411 15394 59840 59914 55751 81116 37485 66099 20633 21920 75121 99291 55333 45 91326 34966 66147 578 12693 15283 24233 3424 70815 68241 16674 28429 35947 63490 3185 73838 24704 77565 49460 25194 95539 8185 93608 9817 79685 3096 30987 78926 62076 67260 36789 71467 79171 44355 54616 77415 5625 28298 69956 69342 41947 63474 60701 10138 95868 60645 44245 84971 84977 32141 7636 1812 29734 14521 73236 53740 58833 18833 10997 89392 77675 44803 85971 61731 32641 20457 95985 86165 11265 35242 89175 21083 1791 14277 35527 93611 19504 6760 70509 89993 86277 48941 97579 25782 77349 62708 4906 87413 24314 86457 9327 50759 59430 78656 36068 5323 65704 21686 35937 18819 90343 95851 15251 93162 87711 90346 26732 56598 21698 49270 56982 30261 56323 3501 74036 22591 88031 54301 64318 95236 53096 50191 52874 76284 31674 73426 73155 11890 52976 58581 49775 25905 40175 85056 41883 35421 22616 4885 99978 95900 59787 41132 4319 60188 2386 75608 64425 2560 66271 39951 2163 55600 95714 5672 53479 69682 2479 67746 77331 68089 77677 33061 13819 38326 85708 39491 78809 61662 59671 6023 42803 87258 50328 78016 18027 30366 82299 84675 20330 61610 47663 5869 96046 46601 77984 12665 83997 295 54914 75381 4788 92159 27602 66852 87535 9839 71064 95592 69813 98079 27499 50703 41741 59516 24603 43635 65552 20062 80465 75371 25871 45541 97172 11785 8567 32250 50777 22871 31081 31076 6276 21652 8809 87125 91823 10464 8978 9377 2852 32681 83778 35616 17038 17396 27650 75661 10292 14460 32917 30060 80202 68625 23003 57229 14321 18657 84298 59361 62848 25596 30304 34368 20166 96873 37929 82013 96730 21829 13383 94438 4487 14936 68252 87520 5078 58220 38851 72778 99436 81003 30956 82922 3308 99365 94605 
11 565
71817 45863 89912 9292 55622 94540 9447 14221 16192 74610 54478 30135 65337 50268 68135 77427 53447 34797 65205 39381 70550 33656 26035 39321 51947 62738 12830 32896 95002 91163 55550 42114 43021 95909 93060 22172 95370 22592 57442 66759 95954 76203 99116 2668 89340 94426 33356 20716 42869 3496 31130 88079 71473 60070 65300 4961 4757 671 42214 3349 80034 59254 53399 57529 7123 53468 6727 4431 66501 18989 1913 769 23275 87287 68595 71649 17998 19812 21297 31685 76713 48350 2758 82202 8180 50247 42196 29596 1432 26742 36667 64604 68927 76471 54030 74430 50940 98677 13610 85458 8405 80329 99272 19205 27987 18772 53751 59377 30217 50145 43000 37238 19985 4629 40650 80700 84939 49619 15532 8927 84251 87124 61189 74029 73750 83762 92889 30295 34986 7852 21057 61711 15055 92112 16313 152 94270 23577 37765 90967 17743 51583 72704 45623 25619 22614 13464 83756 80702 74342 6636 11823 56837 1279 6041 58597 93146 75566 21008 57651 92921 8883 46904 70367 65742 43563 11272 22366 91821 71588 71455 17565 4500 97004 45172 23019 75047 33784 42365 95304 20648 7343 43952 95136 13402 19342 30080 10716 7829 98467 41817 1744 43807 64114 71703 34984 28461 80110 18427 8577 65332 4995 56515 45461 31211 43971 29045 67071 84441 48679 62353 67431 38449 80182 68999 98711 82839 47263 55988 41866 90753 43813 77371 60211 8893 85488 97092 14538 50878 11465 71269 7704 80430 83403 7290 26667 27240 72376 47027 68614 24005 40376 367 84035 75288 1278 83855 11520 44736 25131 79666 38925 32005 39597 55545 13299 90291 64320 13245 68684 55716 10141 82742 91273 62587 99434 20920 60677 43010 36676 27335 66847 80458 53316 14997 15781 31247 58802 91516 66164 16787 29388 85946 20420 5515 21772 69669 88824 83837 72077 39534 22517 45601 66959 67194 61983 76299 5617 90947 67227 41474 64193 45399 37221 12038 13738 32349 83743 31793 3393 41453 77866 76253 17153 73811 96921 1793 5705 39864 74904 14658 79377 55101 56738 34088 95764 87447 38656 16398 44285 67921 96206 42374 82761 77478 94912 4135 94689 56609 75290 41361 94011 32804 56851 16053 39788 3285 34490 7135 61533 81138 76298 68026 84691 1299 14483 17719 57652 25223 32041 14494 73890 21293 70415 28152 20089 67636 29777 17655 30696 15033 34257 75993 49634 28999 450 32064 17223 22832 13559 87491 32842 93787 91056 18005 71891 19932 99990 50095 12660 52205 11099 8256 34142 72150 7889 60983 92479 5615 29199 14812 44049 59558 54549 24216 90589 35709 47026 48523 74389 35705 24790 35669 42925 38805 65746 15315 95242 79282 60505 9456 17229 28377 28829 68891 29946 73965 28896 27363 96712 45305 46819 82613 29236 64799 3142 4360 13414 57908 41150 77120 45738 76745 70298 44420 23638 94188 18659 4170 26260 86659 77729 29517 96608 95079 38673 2457 23086 46703 9343 44645 38050 81062 34523 65375 19764 71248 3515 40470 57350 50687 71058 14957 47571 72673 99778 68051 28707 32260 78635 15106 81996 96096 3677 14525 18390 35952 10249 80745 75342 7562 12622 7200 46339 37062 19005 48157 1138 41668 90866 98571 70900 73039 29918 71360 48296 42613 50645 93811 45564 48079 63179 4597 97912 11409 67957 88974 94886 46843 95364 46267 59752 64398 32993 21883 42119 97854 86663 24645 44629 56025 87300 91215 16842 25211 89232 16831 25767 48240 72417 32908 59284 97731 43931 31320 49484 9125 10528 29461 18898 4479 53287 10652 69434 75138 2175 16709 79232 16031 5381 1074 10954 38602 91925 47469 
12 447
98295 43202 68806 96092 29785 35398 59710 46326 13317 24411 37143 93190 91612 65567 55531 72475 55510 25312 16569 96508 22798 3893 12653 94042 50634 58245 29943 29552 27344 68736 20543 59281 53885 49524 22382 75669 9369 42730 27406 60974 35270 76646 59751 88178 60605 1400 54303 15632 86664 8238 52983 7790 44570 96136 83841 85490 82594 64977 99070 21700 50948 34953 59422 17505 67208 52216 18501 20919 857 46482 74040 78329 39015 35323 66663 19602 22637 94665 78145 12610 78925 85531 18702 81461 4059 51197 4160 56179 80151 18965 42185 11935 53167 26002 92619 42154 80052 33262 2587 13735 45311 18915 13553 11491 80094 1596 78719 35850 14563 88541 23190 49147 90696 86086 6677 21825 36347 57757 57330 35272 64071 86755 26929 24226 79519 28214 49299 18198 5726 38846 97984 30975 27526 55238 93791 74175 74517 68926 84403 87783 74676 3859 11075 70102 9445 59674 7028 625 1724 68392 71154 27699 61394 98949 80567 29509 70593 64181 19969 75630 25758 71678 21089 57660 2348 9386 45566 92989 4567 84620 93630 67804 65915 67554 38627 2045 50737 10428 60052 48717 99814 8184 98532 42073 27916 32663 74489 89143 3388 97550 49696 15874 91286 70011 35454 69259 86930 14333 1253 60039 86494 70675 98421 24754 86875 82603 60388 66803 68387 6615 48465 57836 71746 27824 69103 48362 45885 7159 58150 70566 98084 84383 68508 73408 26523 82094 85478 3234 92235 22318 47234 60611 81884 43257 47981 41488 15767 29537 41231 66018 30268 97259 86185 20050 31161 10274 97966 76640 47496 11806 59197 18916 99599 75548 34643 4418 53085 49340 19915 75221 70556 57700 59183 25467 75077 93130 22861 54375 31386 77127 22790 5074 56687 9090 26332 95849 62424 409 84494 14339 57586 63863 98231 43871 35575 35496 68989 51522 42846 84538 55011 7961 51729 75670 56068 16068 45956 5435 66817 87150 66942 12401 91629 92561 50643 18645 50169 51178 84128 32752 82788 61957 99444 45091 6032 50339 15340 40603 54180 48988 74786 59838 28672 87400 36112 48450 24236 70784 9836 61455 41439 70780 60918 41970 44261 62483 11005 22008 52251 33346 74385 79455 95809 97081 58474 89614 35629 79772 23250 24389 68555 23182 92669 27129 20448 96743 49468 12851 1921 64015 97439 42682 59128 80973 86258 63251 5542 3438 25891 28600 12647 38280 26407 42200 39836 75503 5387 72288 96157 88901 29255 51593 35649 38873 25727 20084 10053 51898 49024 28876 52872 1577 53 31125 40031 86882 66009 4771 29939 76967 90385 81297 84914 13709 26562 87052 78955 77212 94384 11100 25774 18652 21371 15390 59370 34877 20473 10368 38736 36935 2530 52575 18306 2949 46166 8877 99709 35309 35693 69403 28904 97662 56835 17546 38230 2627 22034 96492 95703 65911 87532 91438 77080 94752 13536 12352 24487 
14 788
1968 2938 58155 98414 92468 19019 43543 9458 24625 73444 55925 43779 74619 12177 49576 97696 26927 95454 95458 63256 49379 23758 84153 72065 18069 78629 47959 72217 42288 16841 32644 22302 7921 18857 20268 87879 1932 65062 81179 94230 21286 11990 73009 75463 91814 23233 54065 90399 86532 2625 9684 90912 10910 61447 71146 75088 35580 87647 75947 42697 83438 5453 31658 85107 44847 74402 7329 70565 48305 51709 19350 91467 17597 79791 47396 8324 10111 76609 4142 21066 7494 68409 60846 88025 94606 62804 46011 75879 41422 27805 28950 62979 91649 87652 74436 3085 1920 66087 42305 57773 67927 46980 14198 46386 14861 8134 51080 76451 80308 28025 33114 665 30438 94416 18012 91002 94599 83585 1643 11120 7382 11408 88598 93754 84742 75711 76897 92255 932 18161 21603 23312 87911 13862 95501 29953 89729 27838 69955 82916 48561 75399 36494 47453 6875 3345 14234 75207 82445 53654 83139 3531 47240 20885 23769 43370 61250 69252 31206 73800 12209 81158 18881 46881 84768 84072 3514 6060 85613 2636 43241 92913 64971 21768 67345 19024 96464 41117 83430 53499 83418 5231 63230 77024 31409 50766 2363 37632 34426 55883 34089 60998 16565 63629 88311 11674 81800 6108 3112 57127 17850 78510 31162 26530 93413 47387 97442 26073 55382 12848 56561 94046 71783 73513 32304 10407 41233 11247 54285 6243 42097 69919 62190 39065 9596 91508 90441 94822 77838 22231 33305 5417 54578 7269 32396 80380 48564 36710 98911 54762 47280 74532 12517 26865 80469 5601 64719 85983 4707 3835 18462 28804 34011 30360 89090 68440 70194 74694 31555 50189 1987 36066 41946 58331 37960 76371 98466 52197 91003 16881 56207 746 74785 5219 82653 59559 21383 71155 93728 13167 7431 6390 29266 65519 77683 98994 23810 5053 64741 59028 83481 82290 98280 28734 99127 61163 61263 4548 15094 49327 76221 8215 87853 58053 14154 29672 57497 56378 12174 5889 76627 49314 28856 16560 34359 44853 3322 1158 49085 93463 33588 43360 5626 15631 23891 899 94424 38662 18909 31906 42180 81772 98437 14620 18808 74696 77961 7851 49818 42047 84013 82977 94868 60798 58369 78519 87155 24996 9503 94086 78039 37618 35789 23158 6141 73861 4596 51161 26901 51240 78184 35480 15551 57606 50879 93295 88799 8140 59224 9050 27666 80282 83176 55056 84722 22361 68601 38037 72828 94987 68253 41865 30811 81969 80802 48767 23642 79529 54917 6251 87142 33254 18687 25528 15289 31059 79319 33527 62819 3210 31626 15422 55740 18503 99615 72610 74182 93320 93886 90068 97407 1121 92125 60354 79299 61624 73774 31886 29110 76281 50361 53927 85469 76421 91701 4005 47045 50809 38318 70004 20056 60542 11839 85216 35530 64226 26848 17778 61459 61970 23976 64109 52279 65654 95545 21936 13936 14042 55190 76907 88282 84182 75477 80442 93818 50183 92294 69470 5872 33180 37348 52537 14822 58911 36998 45678 53873 65273 89683 64219 87471 46454 61966 72322 70400 34542 23641 16504 89277 5042 98960 60517 36802 57232 28851 35667 15218 84823 71690 17196 13809 79542 80517 81281 29167 15735 59449 17888 12206 15272 30992 13938 84351 95293 91104 29009 23977 76556 10758 9065 33688 94972 59455 67660 34264 42093 14548 34140 31736 8803 55073 24302 58813 97672 23845 93149 15744 16672 83999 70776 48451 52826 80916 10666 72351 68863 71158 84411 45568 52695 84553 88312 76435 99318 35945 23693 64541 97535 47660 11442 65720 26293 5681 37858 16849 77689 94770 87917 82230 58826 78237 81394 10516 65259 37390 40600 11231 5651 82209 68714 80952 44056 40373 54293 76761 18059 77617 71344 80768 81937 40957 81384 52515 86364 22127 59655 6240 6486 73660 24124 54737 31864 6630 21323 92289 19147 80612 67432 42261 94063 7466 84735 84165 14126 78297 8487 46122 59399 11080 23509 17874 89209 74208 52481 62481 32675 77236 54636 65751 54912 98172 85552 43951 22235 24085 60009 10605 5123 54278 99389 21551 2785 32259 33911 41859 41834 32976 4574 71786 86504 98176 48589 61589 33545 83364 69240 81309 9230 33392 85363 12744 9381 99604 22506 28238 33210 41788 69301 28938 84416 29588 25029 64757 73060 36578 65889 97835 77389 33758 44801 61139 12438 44337 22530 32069 54365 43834 25640 26200 96277 86582 89457 44845 84833 62138 69535 16653 71613 44028 6945 59446 1454 63971 36176 57403 25530 18337 51429 44022 6314 80029 62061 25632 17172 3824 21463 38002 97763 42232 92976 91666 63150 75829 80536 97135 39252 64897 60633 13485 59238 92831 27759 91585 12538 59831 94933 95407 93950 13561 24992 98495 5831 66227 39924 40770 68554 32790 97531 51300 72387 23220 28269 37346 54206 37362 30492 96045 22338 54502 45813 95160 46532 11418 35591 93100 63614 81368 77785 23181 40959 21806 65691 2353 69482 80194 55587 95561 18737 99955 21601 56776 84507 7037 29688 82677 59584 23420 53915 37280 24080 75851 66557 20927 32125 6305 3891 82049 47720 
15 51
74080 4021 72969 9016 17290 17303 44833 26991 41329 62894 12479 99087 70169 18515 10501 26268 90172 13566 23511 94771 5588 11840 76142 80815 2377 26406 75048 60533 52785 87654 66024 23109 21800 72094 38930 37098 93042 89491 64708 71984 95922 73713 57642 21254 60303 79324 62347 14554 65137 96024 53039 
16 442
1374 5259 87997 9434 47273 23843 25288 15493 13654 54986 99004 44870 31001 44993 42799 86053 80654 76488 80932 50310 54700 10565 7320 24076 95683 2649 78008 28842 31177 56314 89860 97809 41307 41057 668 20217 20449 55094 1537 21668 93553 86513 7497 75544 11584 24457 62057 58015 46752 58638 27411 62233 43930 97884 30381 41404 10232 41023 21816 14823 1084 87110 80795 16585 25958 24576 54747 23501 18885 79960 25049 56034 4859 53250 67627 90599 65878 32637 33316 80356 60320 69747 30622 97405 40974 16781 36744 34547 22955 63138 27498 69081 44661 47940 17794 259 45052 44663 53059 5382 96452 2023 37410 73446 48098 66219 96571 26156 59790 73604 64035 442 27397 72427 75136 32198 41211 65509 16268 82568 13579 39485 23388 79098 29432 71189 51930 60621 98950 68177 19501 75734 21563 62524 2578 42525 55768 10561 47493 69598 19363 32848 91932 51996 40246 53416 22258 94033 28739 47014 83712 93685 79631 89533 19076 35385 4099 31024 80551 14603 57798 92309 77228 26623 95582 9519 33196 4754 13544 51916 41639 99873 45330 61287 47217 52353 99308 81638 70456 83817 90318 76218 94884 4080 59506 74136 27339 69490 88809 61478 77383 83849 56270 10440 3834 92754 10628 78569 65674 63681 74856 11760 22779 6131 55875 59816 75259 24614 75254 74728 5766 71389 29312 13630 85450 63548 24552 35735 55537 74163 35553 4742 75218 54398 61542 22263 90725 13523 4577 57344 5383 70903 58057 9173 11439 3610 48012 92109 90880 75382 93012 37738 71444 98635 84127 74928 39349 5970 32072 3908 24036 95170 57733 55975 73169 32285 96106 87037 64766 34068 86847 22770 32348 33101 59074 86868 58870 13816 11700 28428 90844 91187 21298 96003 74240 11971 65401 660 45590 55031 43962 39134 20408 6961 54085 26822 34320 69407 73537 86631 85771 64985 28361 21413 51764 36663 22648 82052 91282 9987 2093 62697 28459 82156 34684 88226 35120 63113 28435 72968 36470 91779 99090 13135 38921 15232 83404 17326 50395 68385 45693 46411 8851 70079 6495 9570 49223 82953 50761 89133 84274 40899 80155 78853 45264 55856 68447 92314 99055 48308 82659 72841 38340 66675 47404 50322 697 73996 93602 95148 11222 47277 21331 63963 63080 17532 3354 22831 29411 97127 75181 64760 67572 40070 71735 40967 78026 22189 7548 43053 72682 10650 60703 62099 13002 40472 41174 64466 20732 45244 53237 35104 45861 36606 93963 80277 91339 14588 98910 85780 31042 83873 27536 17040 52381 70569 6977 24811 918 41815 14122 18173 55402 15287 15748 39138 48341 27143 821 46079 72380 83353 29820 92494 21156 50870 93937 36204 64122 7620 66490 91802 29129 94648 95850 45677 46623 59780 84998 520 25040 35865 54639 68141 53337 43283 77233 25859 5077 34534 42570 99327 
17 244
45257 1075 40628 66431 9494 54346 58179 12761 2883 57031 97155 43542 21039 64471 1375 92422 13368 23586 40771 17022 44202 1208 82436 93812 89017 55693 29555 56261 79528 48986 23031 32998 1676 41957 38975 838 74398 76206 72047 24725 25555 7099 16466 6462 66474 69844 40695 66744 13807 58614 20101 60650 48497 8856 77078 26856 61109 4490 80649 8434 69707 34249 80808 35595 42969 43758 95172 88110 86766 64074 45815 6625 63203 64630 99972 18524 97369 22596 42473 28504 86571 98799 90720 80226 89776 8923 9711 43839 87846 57262 40099 28770 66108 95859 94141 51414 15212 45392 34977 78454 85888 59233 63255 24724 72784 18883 53958 42387 38879 20111 94158 78596 87428 88033 46116 87792 13322 4974 24612 51143 83220 90044 29925 26097 25367 11596 73846 68226 21641 35503 84283 602 48275 36109 30762 97204 94971 30239 19144 62907 49851 17536 18025 73534 56353 51340 48175 61126 65942 92816 13041 21007 21272 95623 40780 91946 69430 64259 35411 98775 99491 18906 13287 54453 12725 31762 58810 30193 69965 59288 63271 21609 69295 86323 41308 41044 87135 44791 28225 37637 88155 34900 34915 19125 43222 48214 95571 79981 96489 2110 24675 99689 93184 68150 79238 23106 62295 36466 60643 14500 200 51895 68406 1640 63434 10466 78810 39537 33046 44267 78488 33511 37279 82622 13409 59391 53715 84011 7356 90822 45030 9113 45690 23708 3716 72401 69861 61820 71088 86889 73706 31964 58346 81854 40977 66025 73268 64638 20392 74835 37819 41960 87073 47149 
18 429
91656 65553 50977 61192 99743 72008 80708 43167 96879 9063 93222 42993 82885 64859 37514 64923 65893 70596 23826 72043 58089 22694 7009 56714 27307 39250 82652 83966 34185 61666 78218 45206 10619 85811 44156 76327 12079 57191 75502 33960 73935 6527 3985 26961 23676 26323 15202 76964 68664 61492 96793 69748 94175 45887 13098 18293 16862 34443 71946 69670 33717 6173 73823 88777 47118 57864 33325 90274 63304 14954 43401 26225 31182 29138 40425 29113 57361 82373 69242 85923 28176 76668 42825 95510 6762 33141 4437 47697 63944 42237 96762 19431 84545 78466 11404 5770 84571 658 50126 3418 39108 22756 67920 79560 15763 69599 31166 42396 71205 94775 88846 10540 45096 48023 64212 87500 32055 71056 46832 57852 20465 3895 27639 31268 89851 17462 94241 48867 64905 63764 33890 40871 202 64739 25482 44328 16557 22000 75875 37195 95798 4856 12435 32702 31165 90390 56296 24171 52094 4121 49194 49609 59095 48015 98401 9347 41358 72418 68058 5147 47122 77529 37535 87013 92918 51739 33913 23558 45342 55372 54693 87001 8752 66799 20930 31028 30091 9926 69011 11364 50478 14660 3499 44126 60162 73824 90604 93398 74596 5406 7015 80763 25753 90932 93362 18055 8418 56597 67027 46012 81547 75148 88057 57474 97271 92048 83669 11930 90165 97011 32019 7386 95419 54784 15884 78684 4929 8859 58378 34415 95374 66609 72128 95254 67089 89969 57790 47325 4409 90365 35636 1869 16663 38724 54472 40942 96900 76571 63952 69205 47104 8169 66287 79431 96346 451 87242 36510 87547 49846 71886 74808 86487 80455 43994 23208 23389 10774 6616 11122 25000 47653 19980 99039 2089 40270 7441 9753 65173 1967 25502 20947 55367 21312 39900 43002 93987 54433 39624 92580 15015 81313 56288 56362 66414 52865 33253 37962 67386 47626 75451 89685 94403 95800 81500 2925 13297 52222 16457 50956 55591 95788 48418 12516 75277 51556 870 80001 36809 63765 16287 16975 75340 89899 10678 5140 10395 59480 48407 81660 32484 98376 70485 24651 98455 15867 37081 2302 16006 59188 3977 92503 49746 70920 18257 78713 72885 92052 47406 5589 31077 94521 68306 20132 16114 65421 76033 12893 33725 94857 28573 17217 21349 91465 1691 38441 63339 94239 72797 57756 47808 36102 29362 58172 41179 15104 16201 10791 73191 40549 27707 87185 69171 38135 51067 60503 70635 73905 92016 38753 71010 43966 22954 94420 32179 13466 46063 50407 11980 54048 36969 45220 93428 50363 44290 54469 94650 67439 68752 1778 50271 12564 25056 86279 60153 17718 10582 38544 44662 34558 25183 32463 71310 77692 93969 83177 27732 56082 60548 57008 36022 86040 9658 56820 46503 4284 5657 85247 63390 
19 591
87804 55807 68672 50583 49777 77568 32674 60482 54730 90738 95273 95440 58792 72748 76593 48396 43439 87898 60037 33849 24792 31553 97261 66779 27547 42987 55726 99663 52677 16584 63804 99751 25256 67725 27713 46611 45370 18631 20669 17045 78143 10914 65079 20680 41495 34537 51023 67087 12750 25752 17037 73409 67810 13844 13489 61567 48869 907 64381 72106 54371 67206 67353 1282 18010 98049 76802 44088 74670 85909 96566 9514 63981 82501 97325 97541 81010 53840 88420 15675 77602 48212 98338 37056 23252 36836 97849 86149 19727 3288 47286 87000 76388 76393 83082 48476 22374 9889 33965 14032 83446 34295 65761 82566 55010 43142 51789 47676 85096 98597 27324 36318 58237 44784 98270 24320 10556 76231 32318 47484 4516 56474 52808 91105 15286 10007 71426 57648 2000 99058 9079 4895 34100 89112 2874 70760 63198 40065 82802 82112 95907 26662 80709 83792 38009 44832 66206 77652 50575 17746 65361 3914 91383 11422 59208 7492 82588 67085 17647 65403 29403 9541 89472 29293 89477 28532 93934 82975 29891 66003 92408 58952 52629 27045 87559 15758 66337 57094 18216 22973 54900 37716 63688 79983 68030 8170 24545 81012 86576 85062 65820 59947 32850 62234 34167 74038 89849 74954 99982 19349 31278 23178 19488 76227 14757 49725 41685 46230 1539 95771 99986 22735 95694 73535 14448 47584 66268 90863 36582 9598 85127 56198 31411 86409 89627 92079 88469 93016 11992 65030 57012 99428 16434 85501 18940 9754 74474 21075 57918 80365 25342 35214 49230 99930 83489 21701 20982 32376 94078 77234 4657 8381 14014 16420 38027 92349 11403 70764 77635 80074 65615 77821 83853 9886 19440 42187 43762 38169 39254 86131 19759 45186 38433 30049 60294 39211 91659 25821 10054 13845 39167 98845 42053 28791 68981 52523 72628 15982 23069 34356 80791 54402 63475 29882 20972 20287 22197 54721 50725 23654 5180 79771 87633 46457 39170 41557 93296 85851 63455 7719 41835 80505 67287 9197 92937 2357 98945 39467 13530 52969 96150 70706 97112 29707 33980 5854 2387 39340 17422 17596 16334 95862 4666 83106 85829 19921 58305 5276 73261 66918 62430 7079 65050 53864 96330 82877 60753 10686 17347 99927 69228 51095 61483 2266 47769 23889 13638 64563 29053 48040 34065 69719 25777 92929 97543 82297 95246 99341 62864 58956 25719 32387 5433 45439 35546 95607 16465 95823 31122 69151 94263 81225 3765 24388 67435 14845 72146 79721 14866 66289 25825 14800 50224 99335 42534 66110 24677 43979 55614 19676 36336 78798 14373 10033 58430 93803 91302 5624 66763 18208 7806 76643 71280 37714 83744 54083 48612 67033 38692 41808 76414 36769 59205 81951 2872 83363 80404 33631 73177 8498 23595 28034 11330 7712 15950 75016 84537 45069 51124 14527 94481 82004 11530 63924 36727 23948 82994 78402 47221 41882 60919 76249 54993 90957 39187 68620 51362 24143 64410 99771 46816 64687 22032 66718 42292 72768 94684 20654 55481 96040 91768 70966 29430 9150 45120 91077 11369 84210 98067 86899 43264 11352 35758 66757 75726 80647 63729 59304 41547 69001 39420 10399 22933 23379 36736 75810 4676 48930 79969 93907 45775 1244 28157 32678 7134 83293 17872 21911 2870 95033 40620 24634 53724 26691 62427 63581 36085 64358 95899 90345 19829 61565 98798 39744 9726 47698 78049 36786 57149 80518 8729 11710 85863 81555 85170 70779 22163 82630 68876 56464 40809 47781 86871 25321 96505 50313 60873 88487 66454 26154 69744 33362 51700 37906 88204 99697 39876 44038 51604 15465 67332 93790 26036 46764 2940 41220 10740 89100 5919 88145 39825 13980 22659 42304 11159 72679 36642 23782 86602 73351 78394 17369 978 68098 98041 89522 49091 10273 11972 49941 95122 
20 794
87670 6887 11759 3247 2939 85615 27095 22397 69067 32866 10288 75812 46418 20165 30717 17051 99216 70603 162 15045 36339 55246 91341 50102 46954 50732 84378 98849 43545 25003 69326 76655 76295 71505 29235 61443 96020 4469 31139 51823 84373 24558 35016 56322 29644 88442 99016 93110 99589 37292 7440 24741 87764 65383 25290 73703 33207 32321 57635 60279 8790 76950 72024 79116 70650 47688 7890 56090 85919 61468 29089 98434 39858 61675 55231 13394 3920 42656 84608 3481 44147 35967 87062 93700 82371 65541 87422 59649 1590 84501 80352 74386 44952 87803 25749 9980 17811 43967 99801 85506 72779 10155 81782 89641 70811 58241 32219 12748 63953 57578 89633 3606 82844 71398 67348 65277 82925 71997 33457 43808 9599 29049 86211 34747 56477 98908 83501 68608 20899 84453 13978 18128 98417 48209 21664 51771 77041 132 72510 91721 47423 58391 57595 5510 98965 79623 15217 57017 46485 71038 65339 9448 57187 56364 42518 52172 11062 24056 92313 33193 42985 83275 32383 1283 69194 21511 34446 48146 91502 51070 70986 31648 15157 94547 51572 38787 98153 29306 107 28760 24732 93170 54777 68822 83155 99501 79646 8253 90612 91080 89604 26483 65317 4758 34913 28787 46746 97983 35537 84711 68474 63725 38211 7 66616 46093 32891 37821 92541 61370 93745 32097 84463 3932 67855 68613 77053 39002 26794 90272 49926 62078 64941 77195 52027 15629 79491 3482 26652 43641 72459 46441 83639 51088 37214 38032 57439 52164 38033 32425 65606 91878 309 96243 26734 4692 78682 38451 37913 38593 13054 22538 21059 87823 24686 77611 48636 34172 47522 46338 29567 20594 29503 29192 35139 22990 10878 111 99726 2368 74804 45716 42711 5740 82458 9166 48673 25630 87020 80913 77103 7415 31975 5065 28188 48794 64777 24872 82226 70634 28861 4769 17883 923 15593 72151 36348 58882 7461 57772 31866 86204 16429 91352 53428 93789 60102 76311 20281 92068 5605 80903 98915 60857 22615 38683 26508 93765 56369 33515 87011 80509 39450 91460 40524 83949 87467 59823 45073 22196 24609 24738 8920 70813 83586 56536 1002 10880 81913 37696 38138 40896 60742 4306 63943 97307 14440 80257 35449 12839 50403 52829 47400 76415 51374 64498 40343 28631 98948 82846 12270 87542 7570 8461 28848 86929 79684 51936 91197 76202 37039 14285 54585 57960 21841 36683 42257 79871 59583 34180 36527 63348 38307 51110 51284 61985 91245 98407 22323 87763 34818 32037 12878 58668 73306 37922 28778 81606 28242 26543 21048 46931 81795 68584 86693 6791 31118 86130 80444 41106 79925 86435 98258 33582 82831 53847 67038 29817 93287 55435 99648 65828 57553 75206 90560 5608 58321 60172 44433 36424 27500 5372 20381 44546 38072 77625 37355 30377 38598 87069 13238 30959 22168 13505 28934 88112 98642 69925 54671 26166 74916 35625 6538 98540 99923 58340 6445 26882 4725 99209 26994 85948 64956 31855 12916 10692 56109 52655 17456 34130 87293 9645 34680 68553 59226 87896 95580 39094 52934 76995 37127 23409 39331 66877 62084 16130 69511 19353 68812 35635 9770 55783 84862 38117 56303 82816 90484 31729 78204 35831 66251 50718 8906 75394 78589 26214 18608 62355 13558 98291 54981 66276 57889 568 99453 89939 71729 72045 4171 6275 53341 41154 34810 64450 67200 5128 18352 25161 20624 1190 30081 2663 54056 86491 11769 50148 86510 42566 66152 62935 75805 97500 52485 66415 74336 21457 93546 10620 52530 46539 84508 63462 79439 92056 63306 27402 54740 40072 44612 12014 62568 40532 66328 52448 21245 51932 86554 47371 29609 78501 58807 73778 66621 5340 62484 45278 20602 44255 54160 8227 33296 76629 55997 48874 78838 39069 63287 21326 8173 74991 33100 18673 13956 97076 44770 27993 58419 32258 12866 97399 20093 33034 94739 3552 78613 38298 27937 66421 73123 80018 9729 71747 86029 4091 12078 74010 91934 49017 1822 51272 7427 51740 66834 14213 7627 49599 65709 88770 46548 27 40644 73973 59069 35631 7077 30031 97370 78269 52207 70078 10443 2669 30606 70530 36982 54308 82664 52431 24474 90448 98665 76134 74739 17078 48959 87423 69274 72156 63837 70302 55565 57829 35892 454 98826 29357 11575 69139 76215 46445 62858 35724 83718 28381 29165 73937 40606 9216 92692 67285 65474 66991 28715 86702 24572 80167 8065 50483 6362 26824 10967 76701 83964 38404 87725 96354 68960 18346 35147 32758 54109 23524 59937 96827 87265 50277 87002 86765 86683 13212 18899 62464 6176 97858 65879 27320 68882 74009 26597 38188 63966 47190 46384 19838 23949 98714 9314 9853 47662 56539 62825 30059 2229 93361 5937 41461 57117 94366 68934 80237 79840 37473 14811 52966 17991 78778 57276 75226 72231 19299 82745 68803 15696 79749 58725 49280 5009 22391 38961 17755 35788 24716 19947 26112 28708 45266 59943 80044 31490 83559 70285 1847 67144 32362 32605 58194 69914 86852 12420 19738 62114 33333 14422 85257 80457 50800 14686 9865 91054 96970 44106 60836 83304 72076 
21 476
6246 81491 63175 33763 90995 27488 88989 63215 1710 8796 66247 23791 78154 79214 77613 34691 81066 59896 92674 74854 11193 46222 26677 93343 90824 71370 20207 92999 50730 11337 37701 43956 26496 90943 96417 45592 4416 87838 20824 1169 59691 77218 52028 66387 10676 34129 76219 39702 15604 83485 49258 92168 46939 9592 92058 5006 17236 94069 55831 21280 76677 93796 50460 69990 17053 81896 92742 99692 77397 22307 49916 41394 77537 80326 12136 66644 36135 40890 46246 83318 52359 97738 2720 29104 76606 21223 82344 10263 68085 22343 24365 41346 13321 4219 47558 7574 68562 23317 62828 8107 54054 23655 91218 23396 30644 62922 80597 47930 6117 30487 27585 73730 30855 18135 63938 44596 3337 33049 62839 2051 61863 67299 81319 12369 59246 42165 4058 37688 10624 29198 31548 7501 20251 83672 13390 1547 82199 57915 922 48205 77201 28138 51209 39541 22090 53154 84149 62329 30104 22216 40922 31974 4919 31083 60909 11258 72811 93353 55621 14935 47030 59720 69847 759 58086 90015 23740 16936 37073 43989 17059 20655 51031 19 8970 50707 80169 42732 71302 50874 40582 73517 79563 73455 6899 84424 23513 50504 78169 85588 84732 98096 59108 186 89170 6054 85694 47008 32550 48137 30015 92489 45357 89246 34441 82196 63371 58873 65532 64101 85312 56564 70508 74254 91808 26741 13053 59652 72989 49949 45708 51480 59483 6435 15820 56816 37907 90960 17715 42044 92546 13171 54158 11505 86249 67994 5026 61178 40391 48790 47939 1493 16658 93407 34972 3660 36098 25437 18545 46577 33464 7756 23600 72370 44633 47350 50097 85025 54718 63111 95834 30653 5791 14346 87056 28083 70413 99931 6696 42364 69684 96616 92656 68189 16539 38115 37978 59462 31181 61937 17509 5469 46321 80829 29420 5333 49997 29573 30863 2666 33928 27948 97822 81360 8366 87512 51118 51232 88195 59814 20076 6203 54380 95287 25913 71908 16859 6134 55196 65448 40288 6231 81906 4224 98666 99303 46208 15577 53451 6698 54897 3217 69555 4782 41490 41809 43827 35413 95937 47635 36415 34600 27018 40170 4205 77126 99249 76769 15883 99579 7644 28916 84685 58211 40727 52283 3044 74621 37554 58756 53606 83968 26729 23802 29736 25273 86147 55635 52511 35565 98007 73802 46466 10604 60932 43613 74375 64870 94741 768 98288 68360 99979 8799 71292 45847 47341 8992 97146 43296 52400 7060 28965 68497 54962 90089 99172 78193 76823 41718 66980 46596 94387 87565 56856 14131 37574 23496 52987 39911 98020 28540 39536 8918 58119 26379 69042 23441 5717 65920 42070 73105 79002 16433 84746 47541 62715 82144 48518 48360 87442 65166 65443 69572 7545 70749 65432 3216 99041 52100 50318 8512 13215 16512 69057 68390 12429 46038 58103 18330 8612 72964 45406 18742 31435 38972 84840 48743 57447 84759 60763 68929 10136 1183 14859 97084 99496 98718 91234 26914 25986 76428 50062 86517 82511 3790 56823 71416 27027 61908 19718 50735 2630 70052 23715 50547 
22 320
370 24274 8935 68571 73075 35839 34708 5177 81449 19692 8244 18334 37469 46489 79700 74666 19783 6444 26285 360 84526 41401 58689 58985 82379 2614 52109 13921 81887 78334 17725 65172 11911 24327 79285 4845 64311 69086 87451 20530 57278 52102 1484 21534 70480 417 90851 45766 9421 41357 83009 71199 29352 48274 48809 62209 41665 74413 10324 70369 58856 21519 46282 62534 94890 62067 74946 32324 75309 76862 66770 45388 33590 62558 17046 64848 76276 4875 74255 59198 77440 88849 4451 41832 92131 78551 30102 64179 16079 94922 63081 3559 41181 43224 11794 45557 13342 83146 47402 73501 82853 34768 25318 6148 10217 33659 69492 70312 5136 80678 72503 47615 66547 40567 61032 30068 41473 65870 72845 59609 96232 877 99881 26838 48517 14589 68282 23947 67252 521 71669 39997 93582 24587 89869 72976 50004 44207 51938 40173 55801 71122 3970 30753 37787 53649 9677 71166 42664 15640 32764 38728 82904 23398 28287 43371 21304 62217 87279 48269 68622 58063 70628 11483 57460 45508 61411 82205 65067 60921 16162 19585 85815 95978 86714 22160 20250 75886 47301 72697 82650 53929 81861 35156 29407 20168 91037 37055 77573 6824 89546 62645 78587 47368 11158 49877 4246 2843 6716 54062 31342 13565 34501 13763 81675 10297 43655 63202 67899 11480 67095 86057 77116 8614 68619 89366 53624 13841 34117 64237 87826 68688 66403 59066 37724 42587 63880 72832 29437 48236 41008 69597 33502 2317 95816 94220 58503 15757 29147 11586 97 79598 47448 35299 51498 78358 17884 10696 29839 49931 57818 45860 25664 22287 91571 25263 74736 73146 9382 8068 98091 17484 97532 56329 96366 44152 76332 80539 56096 55348 89418 63038 71506 17333 44700 91783 39972 99402 7275 20245 39089 79848 27246 58095 7825 15651 82806 30760 10662 22525 19992 35956 29359 85104 424 39201 95999 25553 37043 67513 77155 6852 77139 40966 73804 90606 12070 94509 56504 85195 19247 80423 65163 80686 14586 27139 80729 93111 27877 2744 
23 525
71237 49586 828 6991 519 39629 8932 57563 90837 97963 69900 70149 15363 52713 30515 10477 38372 85204 86991 13925 27299 85142 52401 41234 60914 92839 83254 72134 47373 76251 93826 53801 62262 41670 70685 64426 2504 8573 19143 70233 254 35373 74664 63864 25452 64256 2763 22997 4093 73710 96364 89449 83647 76826 63986 59607 93925 6456 49443 41086 11452 54998 21372 48535 99396 36525 45651 65873 79967 61015 54604 59870 28969 4453 560 8945 41484 78274 96669 78351 56895 88683 7360 59499 1174 37288 23607 81502 41269 85585 28230 93873 25947 46929 33873 93636 57743 97568 72258 45596 85578 87688 7496 35226 8928 22117 51454 4412 64617 69451 28666 14639 19850 47728 287 42317 76787 3073 63133 84307 85894 50623 44556 47264 20600 49704 59882 97631 9045 70710 85130 81301 96718 37239 93903 72185 7445 61439 56853 81412 65498 13267 37278 62559 20744 56612 245 12147 40191 96497 40859 37327 35541 70223 66946 21991 36817 89550 71355 92597 2267 43399 35958 28362 86343 53473 61696 6102 69 11313 14848 41399 23962 28531 19244 5012 33550 7966 43206 21594 33826 8789 16613 85218 3550 23701 15939 2825 23070 18689 33357 99984 73979 7929 405 12676 87280 89089 40422 8969 33308 50199 21754 2248 65208 28167 97883 99293 44822 24448 69641 11774 59603 80958 84001 53643 72455 64172 87167 51297 52908 52535 951 6933 18224 96322 68735 94154 72035 83499 83193 55142 96703 33235 78971 67659 75935 67980 36420 89009 14289 12055 91801 65723 81258 5079 39273 34687 41425 17620 66422 23987 9405 94242 49070 14469 10414 60617 45567 66373 81842 55129 77133 87862 51568 69006 63795 8798 77751 47462 5416 43499 58531 28343 58215 98575 91954 5501 52300 14965 209 40169 50265 37710 37033 2633 92662 77659 11431 58045 61998 55699 3480 29593 12465 43822 46433 51786 95191 55613 38136 75885 64820 54166 78310 32119 22293 47282 48752 94553 99506 29874 69800 74999 59494 23706 24946 41105 42435 76816 59733 84897 14382 22496 7686 87855 74232 8100 71354 19471 36882 38913 77687 93489 84352 97071 4185 15466 35548 81001 93729 4119 306 60392 18478 25728 33377 21328 11702 71145 78023 36896 48433 18328 54315 86006 10003 51010 36307 44295 64266 77050 12121 48313 66608 11878 75232 93011 58043 88565 14205 30527 77896 93237 54855 5685 68047 6352 8192 8038 59599 78058 73841 82067 19079 22638 67603 13918 70698 23108 28665 88465 95158 73369 3586 7254 69767 32967 89930 43168 49981 11940 62178 29381 59935 7953 70588 90445 55815 68453 53512 54270 60326 5348 48304 91408 77192 30901 44889 40814 60248 60769 49952 2773 5907 98485 95063 70639 96367 11426 62539 79812 40819 93421 66945 18739 91030 73733 32578 40508 7553 15164 18960 85673 24395 61404 70965 11267 81899 33841 19071 8467 69117 73140 40033 13915 79929 55491 65142 83149 57431 7694 55472 2035 19934 61233 43460 4909 47988 75466 10725 95640 47466 22236 57801 70279 87622 47975 53839 27085 75718 6128 69227 6152 32775 20523 78006 98688 76765 24691 20177 73186 44667 26933 58709 45459 12236 36450 53714 57521 45916 96101 95437 58216 7293 40645 24449 58319 95864 81073 52208 66318 19667 81031 92893 37385 62503 110 62136 50639 77013 99202 77493 68289 1312 
24 761
53086 64216 12157 65966 37544 15241 30426 67476 11379 44118 93518 41440 34659 41466 66529 91770 48168 44512 52861 57530 77008 80884 40796 85961 44116 74083 86479 61671 10246 50717 1460 41805 49464 46500 35663 5424 34227 63420 57054 20526 19917 11396 57421 24468 97311 61403 26277 36853 18389 58704 68383 99585 57363 1209 53962 10675 34763 53686 52964 59034 79726 50425 64677 74054 60675 37966 53984 78069 58035 2620 26771 36376 94370 31907 84825 23374 18706 25894 19517 74106 34878 58569 25373 58000 69166 78064 76560 10479 5467 89272 77713 22717 58869 58326 83546 16276 89341 88361 36138 85196 15633 40047 21325 74458 82340 92145 11800 17210 71689 44364 74271 46768 49410 42597 55437 6453 99904 51563 29406 92910 14136 99944 36702 42693 9565 19078 35002 56449 26899 45806 5459 39323 75962 39591 80028 469 25695 35726 95486 78322 86787 83738 5139 91223 94942 95509 49151 58999 55365 29008 53749 17266 38261 81195 52494 86407 41975 74507 16332 26975 69758 33625 76263 9960 82747 55813 64771 43455 67797 67404 37013 74655 86555 28971 91530 48838 77092 14820 80061 37847 51748 96558 83038 28271 88276 70750 12863 4312 40926 41316 29535 14427 81721 70597 71939 5479 54648 45963 45938 1994 35930 14938 31575 70864 1659 25048 43667 25197 52955 1959 15677 59322 15909 48834 27031 79618 94675 82062 20733 74403 92774 28802 29880 82918 37104 65636 7136 96202 29470 10870 30450 55262 19077 30985 36327 41128 68859 9066 55222 21706 20734 35720 31121 9670 17531 68378 47852 3417 81944 18131 18149 52920 41824 86860 78257 34533 15021 68567 66589 48832 90477 35067 71067 42311 63047 6607 3113 28976 7603 92013 53496 45750 36265 45259 74510 13285 35895 84280 49703 92064 38887 133 54491 41903 92522 12241 13860 44989 95339 61391 91921 92880 66710 44383 95278 15083 87655 93265 33697 3369 33479 92104 96610 56235 80760 18030 22015 71065 54370 87050 85634 38421 90780 5618 33219 13334 30528 73230 44590 12907 94128 78364 60977 17080 56800 99505 69353 76645 87709 73677 17321 1722 38950 91047 35369 10674 38470 13218 55370 36970 56601 33878 8663 76947 50704 29913 11756 63903 18599 33072 88642 34707 22125 46882 8913 52125 23351 24755 19041 23744 38761 82389 19209 14452 3410 30296 62420 43452 23385 11579 88970 63098 24400 8416 74067 9073 24215 80390 11525 24577 46782 45214 62002 10438 68284 41349 20938 61903 71777 35953 60696 88425 45099 57034 57155 69899 36484 76322 73386 45318 90183 76852 50972 45743 31003 96128 65057 33953 38028 966 96882 70046 77760 31222 66792 51322 62196 68156 47020 76150 47633 81240 6004 11689 71594 3613 72153 21256 87114 5914 88298 63612 92124 19943 41655 34705 16169 25384 22979 75349 75315 79261 93767 29143 46227 99167 15373 79433 47157 59745 94365 31096 74872 66994 1371 71717 99513 52703 46317 9935 23375 57124 17977 16484 46462 91804 69200 97600 49 69883 47009 76110 25588 50742 42780 23451 31838 12732 61402 29533 31827 78665 34168 65225 86075 4299 39804 8692 53746 69233 69175 47422 64105 24087 80845 70230 46094 67968 25755 37408 45933 18520 43220 91864 72594 37660 79450 44961 94487 18807 34253 50966 79797 24613 88591 39585 67416 70575 4763 75576 31052 31423 16785 51643 89088 69019 40575 28218 10952 21972 92650 37683 74021 62421 1904 41098 90889 63839 93233 58694 83963 14061 18472 46490 55 71485 49673 91120 73641 47767 66987 36586 79792 4493 48531 94195 48374 28723 36092 81650 67974 10679 37773 53524 46020 54842 63344 41973 76913 45283 63586 96996 67969 33664 17999 88728 84247 50101 20700 83810 16735 26189 59071 36766 67635 87101 85299 10308 92926 50000 53438 74181 91538 61997 17088 5824 7981 87837 88585 18904 17351 49409 76752 29763 46264 90473 51144 42500 92402 5486 14742 18869 51846 68935 91682 34934 93540 32187 28331 98809 99185 34050 94841 1330 94150 25304 62010 74450 90350 4687 63428 23736 60489 52820 74120 43056 2125 5520 74914 88733 64018 5036 71576 61760 47712 18454 2415 40776 56958 60395 89458 20707 66153 9259 97539 10247 86235 545 69155 19169 42333 27477 1989 48807 53075 38794 48932 59344 45951 57612 50198 98621 86252 7142 78930 10211 97831 52769 30891 82830 84226 6691 87435 39230 18082 54378 22387 99844 72448 53219 38850 555 8042 14990 79358 33337 35684 54483 11020 9107 20645 89471 94659 97357 25572 5572 32039 67249 70672 67677 59474 19793 61251 83902 22129 30928 30050 54608 85644 47251 37163 15356 74333 78311 42839 78532 68699 67760 45673 93204 75158 86234 58178 3858 8541 49372 65196 80269 77530 39620 83457 10379 41204 12039 46286 6816 48237 97645 61713 12557 25441 72954 42178 46720 67211 60055 55612 84371 88443 2821 54462 
25 585
84623 14740 67897 52540 4085 88113 92453 55072 22455 2233 28114 57340 43358 9626 75111 10086 64449 81291 11683 31396 20283 98126 67552 59807 70560 94974 561 6573 65977 52692 68540 99792 51205 83395 90224 83780 72337 843 58719 54879 2931 49135 42929 67573 32086 2236 87067 65500 51476 51005 43154 12734 4060 37101 51163 3040 90186 21495 81739 75184 30584 41991 66753 48037 7757 28030 94336 21591 77456 13884 71204 10092 44927 63375 57517 66451 66581 55485 92625 4538 65468 33762 18175 13184 79172 48912 35018 87508 52312 62275 61660 14928 23555 49617 60876 88209 67910 90545 62357 85916 69095 55676 12124 96552 68354 8523 47137 14324 55846 23079 33243 27642 87084 2956 69441 16447 61278 48647 60915 55927 60774 36179 35418 24885 38849 32594 31776 11545 67734 9699 57101 79876 87721 13149 69281 14862 29189 97800 66184 57273 50637 11475 82657 56957 23648 77930 47545 80819 74951 80370 24538 83224 59757 76302 83659 27092 6876 14851 1009 20516 38496 2494 58478 96956 62403 95847 47442 90112 32826 91069 49886 24838 40761 69199 62162 83852 3168 49757 39638 53330 14248 80807 68638 71190 45845 22774 34949 76025 57626 28348 17615 62237 41075 35659 28780 76014 76380 58259 73135 85685 9678 4488 35229 7909 96960 5415 72033 9924 3707 87812 30958 83699 99998 56455 44939 59337 17146 45242 98679 65043 4305 98489 5316 61130 2759 77603 15685 54702 11686 22099 70445 60636 53615 37460 22403 36349 54060 48591 50617 33113 90134 5985 58083 52508 41223 10437 35833 28789 96942 94310 29813 52 91917 43471 67121 9719 9047 70393 91663 43389 78808 37170 7417 48953 42901 93087 36458 14883 28332 75293 72892 61841 69686 82427 75229 38359 32756 96251 24663 74638 17817 32533 95152 76608 14133 8622 30878 46184 86255 92631 81521 5757 15193 72796 78190 251 7241 46285 18873 76902 98953 18691 35666 64681 24991 29917 11610 6586 39747 41900 5793 45973 822 84650 93425 89893 99301 80563 15376 99045 86144 72463 9779 35818 18083 24786 64665 19142 84836 87164 53684 99143 7268 935 77199 63908 19883 56985 8222 2130 6750 8802 34739 82403 31515 98984 5056 49154 15396 42153 57135 28014 73138 3494 99488 16094 165 6815 19623 11152 49548 37481 3570 33144 676 37635 13890 32189 74685 18592 9144 79367 79128 32451 73250 47487 65435 3638 87334 64988 23131 58922 66045 18928 39678 96560 23141 75489 63755 44579 46244 39117 96233 88122 20231 15469 17378 65565 40481 91785 88649 77209 31917 98869 30550 28647 96431 25624 36260 80162 49463 88496 70261 64902 79698 87086 38552 79340 36956 91028 59676 86978 83987 94108 43643 95521 84886 84954 6224 2105 5039 71498 63056 2507 58623 25649 58969 4315 30999 16084 11916 52888 42806 48367 11644 1573 88916 35742 4334 22555 97012 44098 42241 13879 2307 48516 12838 73873 60017 56298 22912 22710 92529 17016 15300 84579 84409 1142 79675 74224 21992 70135 52740 43860 43674 22775 22075 51103 8402 19109 87090 46017 4846 31821 15204 78025 70892 12296 61680 33230 63620 35872 14210 92680 62650 28465 655 23207 15320 37476 90202 44475 23581 33397 63436 79270 40607 96529 53581 98379 59332 43362 82337 218 22203 90306 44754 78252 609 99427 92095 36816 85185 60151 83164 34741 52072 86170 65621 31169 96551 66044 89243 59335 32492 8820 64200 88747 52600 53577 69852 20401 76989 73312 18365 4602 90270 80369 35774 1991 73834 56117 41 90776 50710 96256 12361 58600 16325 61964 64501 36750 69687 95164 28374 31561 70657 70152 87472 28359 42677 36001 18950 58765 55399 23386 15460 51931 66521 59797 38203 36350 41595 49488 16048 
26 210
95408 44325 86788 56977 2310 54188 93743 77585 5360 64515 10013 2373 65706 41836 4697 72167 28224 48061 60531 85260 31213 81514 52091 18406 4836 81743 8634 54467 47293 58238 93913 43637 23838 3353 51765 53060 27409 11831 88391 90284 62072 54833 61062 47596 89751 46762 92341 74714 50128 7839 61911 76399 31844 67545 53761 37320 46245 68004 86148 24285 53410 89905 27258 42462 82703 61080 50299 3341 12001 1696 10391 74128 93392 32048 83948 10827 58166 9403 87801 3545 29340 15374 83358 85259 97005 4082 59171 24637 15023 43573 38090 4541 2277 17768 34478 27167 34132 21404 72890 54294 43121 49487 45478 13623 11455 22371 43472 74718 48796 48231 53214 18363 20863 51775 98346 96167 70661 71536 43337 49612 34727 38378 92495 8451 79333 97815 98691 48327 30337 51977 66438 78319 64261 65573 19358 39708 56153 56430 72578 70620 79055 14738 5172 49615 48654 79655 27272 28195 29248 44356 30689 22935 69003 29014 48027 14552 32822 52538 71534 29373 67917 59505 83185 53124 12485 87963 32925 51592 46042 7604 96622 73476 14956 78527 65221 35115 31431 63094 45098 75685 22395 79207 33958 69624 3047 74190 8830 75969 8260 58486 40022 92288 94802 85556 68020 58595 22262 95687 63281 33537 87496 90911 69408 22285 81915 18100 33889 1876 17227 5066 
27 517
11962 48688 9444 40689 72891 11489 18210 55834 2425 61488 6556 58487 60881 5837 13614 48201 31041 1387 87437 52942 95971 63945 72794 71449 60194 15275 53221 66789 21533 14915 19912 8551 65100 20142 71562 89356 3037 52098 6790 99898 47310 15517 36395 83355 1477 51399 23675 12091 18349 39425 3036 61839 80607 62938 47708 96061 52648 75837 41375 99182 27164 73124 20729 38818 70204 25093 35985 54093 41306 58666 50588 57639 33805 59904 15063 75257 85359 63955 20137 57566 87012 24246 43105 26179 37604 20955 42488 64910 93708 64352 80367 52939 94534 55397 86971 32580 91082 75826 43685 99175 56680 33138 81064 11725 1792 89381 29054 32584 82398 1291 1189 22303 50795 82393 73940 78359 7392 77855 20965 7242 128 13467 69499 58829 49784 72289 83101 57758 14537 68573 56073 80293 76130 10507 83888 85414 50655 21995 59761 97817 13216 92067 88038 94892 31782 52016 30727 70891 28648 78141 98723 48232 69575 64446 21091 57244 83048 68733 90806 52619 84659 95212 13492 68424 20007 27896 93619 78307 95481 54556 48122 79639 76199 97537 96048 68106 85520 93025 54220 68772 37148 66109 68265 52041 48763 83507 39742 31740 89537 2698 15968 38530 25784 2722 3098 59784 67492 98645 28660 89139 73527 87246 75981 41675 46876 45609 89498 4765 3553 13117 43783 2064 33947 84963 55102 77867 73810 24341 45051 18505 96887 79892 62655 39386 14991 12982 14085 45610 66081 28624 3898 4417 43944 89552 20157 16224 59037 43703 82545 35236 24926 70039 66648 37508 38710 11626 19887 42309 53914 48020 1509 60028 83271 86786 73052 15893 6427 52726 19563 33139 27555 27190 7033 8991 95061 14227 776 73080 82268 1176 91132 86943 55798 7165 61436 37160 84183 76004 21634 54591 52651 26295 92227 3746 32528 32221 48403 29025 90383 7900 85391 75324 24284 29505 87133 59826 15877 9101 67611 91118 97268 4193 40785 33211 3431 76280 88908 62227 71599 93196 23694 88803 43878 22363 6878 81473 71219 44499 2555 50853 41511 65677 17780 62121 72091 77028 72700 78436 67592 20389 56051 3621 49055 18486 84285 39949 83798 28681 22386 33171 46834 29867 72956 82426 30254 30041 6073 69526 34214 3665 30897 15704 28690 30210 91961 50932 29878 59858 93163 84865 98205 28511 81212 2667 44614 14257 23510 86422 96116 10459 29989 3051 26447 3718 7055 46406 79621 91640 82030 50614 1317 72006 29080 82375 43292 71680 98050 28120 19533 52162 12985 76478 54610 44256 96537 41427 14971 28688 17722 39308 64693 22560 7283 77404 80685 10265 43379 93075 33812 71348 10815 61210 75384 81673 97867 39437 75807 89337 24550 33129 72334 63147 97949 6110 88154 86807 33220 82794 76015 90147 73606 20793 14700 13748 5792 20735 11601 77018 85244 99424 87160 15097 49693 94372 27668 50900 75866 87767 56532 51606 98370 87631 78566 97843 81847 86648 30119 64030 76889 73187 68636 4123 67526 25219 78421 44513 33684 29327 97644 78055 55624 72195 87275 55952 49274 41559 77482 7975 8941 6792 16095 73487 57116 1392 55242 75768 83175 71938 71634 4807 90302 46147 43089 87121 77378 8686 64631 76141 74883 3887 24287 30533 10015 51093 95659 76651 37391 49806 29584 68171 51633 78136 42075 10159 5671 78461 81238 
28 843
94988 29589 97677 2400 18920 50221 71187 18683 82336 16770 30264 65789 29901 17594 92264 92459 46587 64667 43862 46499 85889 86964 72902 13201 84312 21500 87780 20486 7734 81330 17584 30750 956 99507 44903 41067 29042 69324 44455 50307 75419 40733 96444 64697 91492 48660 29888 44211 23815 58542 24905 2300 71675 52613 97254 4492 38361 20067 25581 76986 93225 93801 60730 92099 69448 77704 14453 39064 41598 71654 70751 13678 2974 72410 17244 98724 65445 22546 21568 14444 15545 90531 5464 3148 26976 23923 92089 32498 2639 40754 40121 38928 34358 50693 45152 8276 67651 7096 72215 84172 83270 79080 2683 31720 23348 34931 2351 91859 64553 11271 25945 80153 75813 33259 60486 88215 17265 67645 32127 63485 14071 36801 12172 31768 71868 39462 22254 58897 69763 93599 33401 36814 91719 97521 26517 45771 92609 76381 91867 46399 34102 20894 25155 6304 63678 26956 70002 50957 670 5859 24881 11371 81040 7252 9017 61784 46392 63708 50253 23864 40763 54249 83311 22970 9141 74866 50769 72577 47498 65 33174 36559 8660 57724 11476 32894 32568 83027 60210 31672 61206 6242 23012 48655 12942 58715 65021 36099 953 92226 65360 71539 53209 16257 46505 1886 54053 79126 3726 52901 24695 28742 1178 50338 1827 74002 69964 36938 21955 23930 96635 21425 60281 58836 53690 18610 83154 1930 77616 23583 81893 75005 51511 40403 35848 18762 10394 48019 94962 93959 97026 87787 80622 8831 32395 69740 76027 65353 33810 14143 66911 75933 54692 38599 87816 8894 74829 94717 51149 2597 71863 7188 40946 57018 52846 86998 25460 43568 53534 39343 57209 68502 9742 71170 68703 16336 78667 67566 88414 84953 36232 34782 68585 36978 68807 62705 72372 16285 40668 69445 41388 41875 67615 97619 28677 94687 91391 38758 52743 39431 69552 33166 14684 17240 87128 92892 65533 64616 12855 29819 63242 11696 85001 36252 22552 14685 2543 14963 8546 97616 76444 18144 56715 96084 9810 43228 51774 28357 52653 15542 97029 30860 63023 9815 22050 72572 42661 40147 21142 23276 99281 68689 98131 77382 66708 83396 1433 74726 39588 99985 66441 70339 35683 41322 10461 16018 16693 29225 6384 37069 54890 30626 2800 20522 83711 39877 13070 80855 19896 44605 41446 71288 19008 81864 35842 41932 27967 5130 27534 51800 34914 27078 86928 78459 47231 76438 73813 93667 84186 75579 11433 4223 27862 38242 61889 56634 4990 82832 62058 48732 45472 90 90602 37360 85230 5096 63004 67961 63580 27734 54198 40605 32203 84080 32796 19540 56302 56670 33842 71751 18670 44959 77696 78518 94399 44690 68979 82041 75272 77141 91709 46492 49584 78165 95993 39878 98227 46829 95606 89141 29069 86827 67274 61381 28765 6375 54555 54733 95342 59144 5150 57760 41898 42889 38554 84572 5917 90491 17833 39993 16366 27754 11335 25090 81196 63470 99210 75599 94448 27544 37850 58279 47514 54921 24159 94737 67952 84966 7383 24846 96794 59073 17262 87383 20476 93471 73293 30086 23164 20579 19552 60966 2250 9616 34585 73746 1027 89501 36906 68853 56822 35461 74493 49116 99475 21908 11061 76688 13048 87187 70083 41190 46563 31263 56484 20593 56898 32994 1699 71334 59421 17403 82176 35900 83427 71739 59247 27294 14027 21624 14359 28834 47859 13859 20584 78075 98556 92383 86938 4366 62747 27379 7675 12598 73033 16854 88515 6003 21179 81345 24244 66702 50886 17459 80945 323 29309 20746 86266 47174 27781 67381 24717 38854 6163 27959 23234 9127 50841 31403 9283 34530 17961 88011 82845 83147 36495 81080 79157 82894 34634 64006 59934 10663 79003 4996 39223 9015 24653 952 95089 99061 83107 64696 92452 31644 39590 31518 95732 62463 18242 11079 4155 25217 20699 77302 33087 62863 77232 94288 39846 9950 17804 19332 40412 53938 91637 57628 49722 36341 15419 69173 71311 38362 58184 93777 58571 46646 18190 3253 38539 78021 94079 88527 61544 50400 87145 36428 5370 99373 49569 93687 59236 23993 49018 21973 53900 64246 10280 38051 84130 59065 25539 65193 55607 39896 12414 15206 59700 39228 86036 78062 47857 12884 14802 26586 8299 29743 56534 69992 95037 20713 33816 3057 9732 88104 67100 44623 75424 11495 66868 78513 78744 65005 21491 92409 88701 55683 32590 98874 7330 71787 58957 98569 65379 25665 43550 12885 38657 59997 25178 69433 12586 58710 98248 26020 60760 74363 91739 59868 91025 54273 99073 61193 28590 96773 74707 75988 70450 98687 79020 73529 58889 56572 48287 87856 7395 2409 21948 73016 6026 5201 28591 62993 41054 56848 41614 26328 31913 49551 9968 91915 51521 49816 30672 93270 20512 30154 74994 80479 37651 81674 261 73840 40903 96143 28686 8249 41153 80379 56049 37942 79088 51082 56607 5243 46798 41099 10937 33215 57754 679 30226 51299 34303 98697 2451 34484 46247 29497 83799 86822 91283 64517 67132 3989 73741 29642 6455 68396 70886 80066 10712 86158 15492 28750 7095 32165 99548 55725 99384 51843 6259 86173 58563 94901 18451 94332 7040 66341 69549 23506 92080 37675 59670 22787 95818 89535 83008 93036 9123 13758 26996 24004 73091 49045 70632 81672 66028 64088 95250 5686 95235 33044 20095 60446 60329 37131 92734 56412 7381 58494 34619 34166 28412 37811 55914 79852 27663 42759 99370 90118 5886 
29 186
20784 74075 86821 28421 49417 90096 37515 27010 40204 88351 37727 69937 87251 96253 42465 98320 34455 24262 39188 92416 52782 99150 6489 75396 45329 83204 94507 2047 58108 73089 92485 79881 80907 91366 26833 2264 43034 30853 65759 10259 55077 72138 37576 24355 15194 92870 12630 71782 45967 13529 93616 28171 743 36777 37935 99123 85048 70797 19277 23576 26905 71584 27719 22460 73027 22681 13992 74460 16073 5785 15592 30620 42440 27265 942 44370 58525 93115 13508 35582 98573 83894 2132 6817 11982 71590 20315 15773 25687 56963 86251 99180 21962 41038 57331 84125 76171 57623 52778 68215 74512 42204 89946 34092 29038 76558 3737 31522 48812 15523 78905 67406 68193 5855 10386 90373 59317 4515 92512 81407 97723 35343 64208 74089 12639 18268 78456 84627 26957 14268 29544 1558 135 17167 88119 43368 47262 39673 82335 29566 90457 93892 28662 33434 28137 78541 21434 72282 32148 71567 15739 61571 93519 97424 37662 70520 40964 60639 91907 67764 12989 81123 1358 93364 40527 62691 72834 39727 97412 35923 81131 72555 25267 25429 85539 14515 23126 61588 40811 60647 73856 71396 14749 61520 87014 42371 
30 699
17228 70543 20834 51566 84019 74817 53586 11460 36743 2533 99583 81945 62833 38702 74656 9443 20228 29647 73689 54480 3807 53598 46922 87102 89663 299 45695 83731 20059 80187 41755 51436 4633 17065 83824 63515 61485 60625 21378 88735 43642 282 34569 19569 72946 19130 98772 70486 32694 70006 81038 88754 53556 28722 43334 71008 24182 97346 17427 75623 41291 81478 97660 3469 7977 41602 10183 44608 55463 41568 17424 97130 1927 55773 67097 4030 81901 8957 72506 47025 10182 54274 98306 21443 76589 18595 47909 60887 61167 52268 3622 15861 64809 81778 49216 50429 81257 23913 59140 34030 34573 53516 30439 63018 10372 31834 80503 86230 82327 44414 18549 16848 33261 67733 91843 49811 92437 35682 97402 56285 85523 37326 29521 25061 3723 46279 1095 81090 51066 91906 68900 66937 46275 89111 82010 3004 66586 54257 70003 3152 89799 87348 79114 66689 47419 50758 81111 68208 2836 31934 62794 50142 42739 70234 25251 42544 38131 82539 90644 36854 44185 75208 89176 3267 71445 45884 70893 67409 92230 73035 55255 98204 79155 28058 8825 31683 60449 10065 95746 60306 92160 91558 13043 80733 25291 96620 67055 58649 94361 40210 27220 43791 4914 47921 37150 45412 70930 57412 35988 89235 67950 65249 27504 73868 66642 55159 80376 24960 43662 52390 45062 89543 97140 44229 31489 36464 43435 59591 11125 5301 40465 65629 13605 61304 42707 80450 24608 23564 30839 25210 1419 14305 51172 16652 72490 94764 54526 234 60050 45954 33814 4955 25594 74730 14562 5724 14967 44709 52167 44299 15221 12763 69268 32753 54021 97933 52789 54654 44340 41538 9744 96777 64362 53308 59383 45351 52526 82153 79516 41296 13611 68123 62695 21437 3869 3659 46349 79657 90674 55005 63835 1108 42054 53769 41110 65471 70363 63522 26585 30536 54796 37669 83065 35352 56281 30152 60594 55602 83813 58037 38178 31436 62397 69960 31921 12036 70238 78060 9572 67168 51096 45126 55429 23552 5677 21255 55965 3150 71024 57115 28337 47307 5955 41786 68727 15814 59848 42426 63730 79464 6780 57379 82590 61584 87209 97472 89310 63225 92759 20482 66063 66286 31434 27871 47648 39225 44457 14443 5059 64255 8943 47099 57888 26866 54901 16611 81921 82248 84048 41610 29155 94556 58616 34654 82923 1662 51109 8791 41522 37642 94748 26090 20549 69120 76518 93241 14451 42352 18543 320 50794 63337 37145 60458 60103 69334 46000 30682 85370 66307 73168 30489 11058 58646 14672 67049 69554 56413 63333 50771 42414 62743 46106 24433 68681 32963 40388 43006 89383 4033 3460 46204 66116 49315 57134 83140 5142 77089 16508 98902 65041 49430 61653 85502 5803 76220 20193 98716 97293 24383 46043 25436 62019 63698 99800 15487 94393 69538 98957 20008 30586 22375 6223 47437 80912 34729 54621 7376 54146 38553 39580 65171 69414 36618 23143 48745 66857 53574 93848 77562 29058 70209 95662 85602 95011 8106 68547 18110 22201 17845 40137 45549 14467 6369 32787 12106 76742 40970 66356 84549 76256 31030 57223 14741 66766 5054 45959 87775 1102 87914 25378 20094 59177 51271 33792 84252 48103 92209 22597 22704 9000 84067 44846 31295 4889 80304 65141 967 65852 34340 85349 31558 73914 8544 50779 46913 72581 95116 69349 19854 96476 80451 79679 27415 98488 19054 50904 48662 70403 90930 10267 49490 45655 77063 20906 48006 50673 87874 65866 8644 49936 77964 60693 96062 67284 10191 88789 20053 35365 64215 57406 93839 16834 59692 68075 8569 74445 25763 29639 45711 29795 48644 33136 63856 99032 15349 97683 77166 32043 18724 16721 63845 72684 49477 19682 87243 52614 93213 54076 53005 75238 51083 25946 12741 85294 96802 63789 84879 92666 39118 81168 98585 33110 38445 23571 38649 50689 27267 12850 13017 69858 39056 62790 37084 75069 73990 49246 55777 77999 11468 97820 10322 41941 7753 87186 33938 43098 12117 97925 10356 28936 35079 37054 34985 63494 38605 93369 80425 43281 60385 8961 48562 96032 25833 15267 6638 57991 84021 58306 33042 28092 36862 53993 48224 54047 52925 56001 35059 84266 28753 50072 17173 55877 66141 77963 71571 9412 29126 80637 75428 26883 68430 55400 67497 10323 85880 36437 31448 88402 87317 85978 62433 10303 77712 36787 17042 70124 52667 86675 91369 6858 22585 50962 36508 31639 4022 53394 82793 58808 69471 18714 54416 67053 40666 32300 10051 11397 1344 48290 
31 244
84387 48614 32206 72377 49970 9712 8279 17689 45106 96263 43896 76474 67827 43305 96574 27096 40671 7206 4564 32030 59371 76002 23038 4283 51582 88695 41167 97170 51788 45368 80747 67839 91671 39668 85263 54769 54291 75142 16212 30112 64861 77412 68992 41733 3927 11319 91281 5465 93273 20673 56782 6993 2072 94723 38425 86083 53596 84882 18863 57146 39269 99194 9258 5115 49591 92450 15462 66966 98548 52436 13125 25149 5300 90333 667 74420 35723 24234 77824 11884 64744 64281 14176 29152 9338 57844 53494 60629 20213 13387 66236 70837 83268 95144 71698 83916 64162 19875 76962 35468 49181 1673 29740 90116 70468 4848 57461 62714 98364 30174 97151 41605 66133 74050 50976 89622 68764 64648 37859 7410 92055 81539 66865 12338 20378 98968 12968 46196 69703 70748 98858 9916 98443 37972 55306 86881 61237 26400 23347 61432 81649 57437 18279 51736 76059 24743 4819 28585 61919 67201 36995 73290 4092 32645 16208 37725 24739 15108 29921 60550 80432 97463 54494 63499 78880 62218 75222 11716 99349 60450 79949 12027 20828 63357 44810 12457 59084 44094 34411 80979 12832 6819 30970 75624 45720 22459 96981 1973 23144 61564 19061 15387 14929 98359 36745 45582 72543 69835 33008 68559 23624 58127 16616 23245 24381 61433 22150 35186 36762 3389 99912 14914 93158 78132 63397 55534 48871 58445 96134 18008 98496 88653 71139 79141 98493 93383 93981 83448 2841 72407 65932 65967 28241 12646 93830 91039 21781 45857 38719 77822 64453 61324 8104 89412 
32 100
50311 30094 74031 28638 53781 13621 85411 55932 74624 35495 91126 86473 45394 40315 15943 33623 10661 88279 24047 58363 92837 95726 25900 90386 45812 12820 86275 26396 58596 86271 32000 10024 39543 94847 87268 73981 58181 17047 51795 1485 58462 29124 15095 27826 72183 54186 82110 45291 70910 11614 45276 51941 74837 54297 66250 87868 19600 49772 83426 12063 17741 72452 92549 92984 45865 49115 17676 99014 70861 91206 61108 4125 83645 38853 51669 24130 15813 5119 88542 34240 13769 97894 67801 13236 97200 80139 11771 45088 2893 76586 59518 70913 56719 93255 3392 52761 33421 78556 53449 52418 
33 426
27073 8608 27785 12405 24606 30964 1667 81419 39007 74466 37500 52338 97919 60906 94172 79483 60949 45142 2789 62477 48933 47747 18116 77422 42774 57751 73678 90171 4918 73543 33564 64756 65713 19530 17510 46213 45721 77056 61212 10950 46085 79203 86995 77762 26694 41082 41507 67901 92278 82649 48393 10803 36627 92475 99223 38945 72038 61418 26553 9723 28488 77257 77074 96142 54987 88888 27269 68675 83011 14449 85155 97775 8072 23633 22509 80684 18183 67596 79784 32454 52835 34138 2557 55948 10764 36538 89146 84574 47935 84140 6919 92195 7182 61946 37582 39734 38895 8770 21526 20679 27583 16233 89557 71374 32160 56507 99543 14891 94191 17756 42020 13268 73468 98398 14397 84102 53253 75105 19893 73325 40774 46263 17729 6439 38731 19103 90205 80759 55427 82863 35141 24854 77820 63132 33133 94341 28089 8111 69898 96513 88272 7218 94087 81964 61484 42770 63685 85291 7516 8951 94834 3557 88046 96903 92238 8776 61347 18676 15972 65825 39266 14056 40556 53149 14344 41707 7527 96677 3997 23090 7071 70385 71347 10778 27014 64383 15674 10836 9985 1006 65093 95099 71921 79481 47849 49799 67757 34809 39699 50978 65094 4808 51277 60027 91455 51954 62426 48693 43150 89416 80969 34980 98021 17033 53509 16331 95691 90248 9031 22655 97640 54235 35285 29203 52962 78175 39693 84563 24455 46518 35254 83631 12987 96695 74727 18700 30981 86550 4002 35166 99796 38586 36893 94318 92249 23177 50597 84720 89452 16100 79690 43651 85129 46840 45094 69986 98391 58632 24441 23107 32757 83487 24170 11053 74447 756 42168 64873 81808 65605 30409 42734 69426 62733 86162 96105 16888 98450 53725 34287 66835 86887 64930 88609 88482 47383 84536 56142 64095 38878 27584 1047 75724 98101 27374 68841 60842 45352 70439 98200 56909 98897 29355 95469 3220 5248 7086 83277 15527 79641 66408 59470 34726 39036 47057 64832 24661 94744 55093 67065 14701 51829 12322 24334 41619 34124 45119 97887 27183 40408 28528 13886 63852 2227 46891 64669 45167 51121 88752 12889 88525 16279 35027 73395 72242 9205 64275 89409 45915 26951 92832 14865 31239 647 40492 19696 21577 98109 44405 96440 36310 44537 89824 83685 32281 41178 26392 90724 84743 19816 69475 87344 28710 69840 99587 86012 2875 74253 62407 69180 70255 1828 66169 80921 15680 14907 42452 4 48751 38773 95372 60925 52405 14808 22194 70043 73375 18193 55281 61523 28239 62820 78159 82852 59242 99774 40299 34326 15657 68286 70644 3261 20617 89106 58257 34451 4994 14581 87689 81993 66439 69779 37700 59681 55860 79606 79252 33311 88359 59865 46193 86687 25277 3074 23159 93713 
34 215
71462 82017 57962 32252 94296 12613 91601 6400 27746 29525 9943 19439 38642 68928 54787 51726 95505 87586 49251 2168 24055 65117 30045 72655 4586 68865 64017 44534 30134 49680 38522 78083 26764 97038 45114 7154 52142 1144 92940 81855 41193 22038 716 11275 19840 62335 51663 21042 1377 95837 67455 54153 56457 36364 79127 49149 86746 11462 46066 66511 28392 73904 89025 18073 29297 3 55660 31511 73636 43844 71232 6506 16947 45193 57026 62085 91935 18522 18084 12441 23856 88257 32604 3359 29835 12487 63233 59384 79000 94134 56667 55983 34461 36411 85485 24165 99920 85072 80436 61171 33793 70469 67355 99282 74170 66160 66047 41157 37949 43431 7566 51186 52280 50521 27487 73204 2271 19724 48546 90704 22031 38829 72763 95609 45395 60276 35006 4024 96965 21414 68985 90293 27230 88336 88080 80334 85737 32849 44351 41952 90299 99530 12747 13729 68350 91304 9468 58409 74293 5205 27094 66988 46595 29273 49578 14870 99481 73269 1866 63148 95748 28308 90394 14308 8653 92862 40312 29853 51368 39276 75748 55989 9212 38765 76922 80239 42009 32126 82987 24599 81350 70553 18090 9215 47305 83083 4761 43129 93124 57571 53197 15624 82577 67779 28396 46010 30027 47175 16364 6220 65286 76525 25754 69961 58761 5428 91633 31379 4570 21612 46997 62097 74411 90157 37022 
